4183 3
32991 78 0.5188978723906776
110165 -1 0.0
98797 71 0.5356364914822991
98796 69 0.46473695182994124
1902494 -1 0.0
90575 -1 0.0
1990234 -1 0.0
1990204 70 0.5615826806674572
98802 15 0.5883774065598009
43232 75 0.5508911713833959
43231 64 0.5140723255657308
8305 53 0.6854551441974597
44423 -1 0.0
33643 45 0.606569217041152
33655 42 0.9641453148751421
31410 -1 0.0
120025 -1 0.0
98800 51 0.9220543348931318
307 -1 0.0
98588 57 0.9582991883272264
1990904 -1 0.0
98798 21 0.9512632603379665
31201 9 0.6876403743371438
16461 58 0.7345570004149209
19005 50 0.54945005179891
43256 5 0.7597971972756584
32993 68 0.9792099446125516
70013 48 0.9872445655452275
60205 49 0.989648857191862
43235 60 1.0
30141 54 1.0
43005 32 0.9048755449524294
1902495 -1 0.0
98590 27 0.9673322704214289
16234 65 1.0
97525 61 1.0
31312 25 1.0
33644 43 0.9990000868608149
8076 72 1.0
5911 34 1.0
45202 33 1.0
99738 38 1.0
16020 -1 0.0
61695 -1 0.0
19030 -1 0.0
97136 -1 0.0
16604 -1 0.0
31253 35 1.0
5634 56 0.9985010035780887
70603 29 1.0
98805 57 0.7712211496958654
1902554 -1 0.0
97729 -1 0.0
43190 -1 0.0
97180 -1 0.0
31301 6 1.0
9536 -1 0.0
43195 -1 0.0
17053 40 1.0
30667 57 0.8336468742573763
31300 6 0.9836990092740672
36064 -1 0.0
44232 -1 0.0
19814 16 1.0
109 -1 0.0
36464 -1 0.0
5777 -1 0.0
98552 14 0.9872795845852126
118 -1 0.0
98687 24 1.0
5667 -1 0.0
33648 42 0.718090631894554
8287 -1 0.0
62023 26 1.0
151 -1 0.0
5581 10 0.969526553123323
9532 -1 0.0
34708 18 1.0
30659 57 0.8301896955655671
31010 29 0.9924830588541715
71183 -1 0.0
44094 -1 0.0
98807 -1 0.0
1990351 -1 0.0
99512 30 0.8669867565780741
1904949 -1 0.0
97060 -1 0.0
33202 -1 0.0
8023 -1 0.0
99023 -1 0.0
98562 14 1.0
31012 26 1.0
31461 50 0.291861312570059
5681 -1 0.0
5768 -1 0.0
42575 -1 0.0
5856 -1 0.0
5720 23 1.0
5875 -1 0.0
1902911 -1 0.0
5583 -1 0.0
803 -1 0.0
43226 -1 0.0
152 -1 0.0
5593 10 1.0
31090 -1 0.0
55029 -1 0.0
98803 -1 0.0
30425 32 0.9093721649586217
1905368 -1 0.0
5874 30 0.9153485825702472
34774 -1 0.0
1903561 -1 0.0
33061 -1 0.0
98576 14 0.9872795845852126
90576 -1 0.0
90571 40 1.0
99080 -1 0.0
5775 -1 0.0
30658 57 0.9157557819917806
785 -1 0.0
30312 -1 0.0
30424 -1 0.0
32300 3 0.9538798192218897
101031 -1 0.0
1990391 3 1.0
5575 -1 0.0
1905347 -1 0.0
120114 -1 0.0
5940 -1 0.0
9526 -1 0.0
35097 18 1.0
30427 -1 0.0
42995 -1 0.0
1903293 -1 0.0
5694 -1 0.0
31502 -1 0.0
97071 -1 0.0
5887 7 1.0
60187 -1 0.0
1990077 68 0.9046896634494402
39714 -1 0.0
5882 -1 0.0
5815 -1 0.0
5783 -1 0.0
10008 57 0.7718164474361786
34703 -1 0.0
30133 -1 0.0
5788 48 0.9325280546536445
1902555 -1 0.0
5764 -1 0.0
30684 -1 0.0
98589 -1 0.0
5618 31 1.0
43679 -1 0.0
48770 -1 0.0
5737 -1 0.0
5684 -1 0.0
97386 -1 0.0
32156 39 0.9779589450926642
1902562 1 0.8995942059504047
31224 -1 0.0
5773 -1 0.0
51286 -1 0.0
19815 16 0.9568877766668262
42170 -1 0.0
33646 -1 0.0
43233 -1 0.0
32589 35 1.0
5891 -1 0.0
1990099 -1 0.0
70461 -1 0.0
31225 -1 0.0
31501 -1 0.0
30936 -1 0.0
34358 -1 0.0
792 23 1.0
97427 -1 0.0
31967 -1 0.0
133 -1 0.0
5871 -1 0.0
5576 -1 0.0
931 -1 0.0
1990078 -1 0.0
98799 -1 0.0
43229 -1 0.0
61702 -1 0.0
1990752 -1 0.0
43228 -1 0.0
5879 -1 0.0
5689 -1 0.0
5739 -1 0.0
36452 -1 0.0
32997 -1 0.0
31160 -1 0.0
32432 -1 0.0
98827 -1 0.0
98651 10 1.0
44292 -1 0.0
786 68 0.8960109035990222
32161 -1 0.0
60170 -1 0.0
31984 -1 0.0
16021 -1 0.0
31976 -1 0.0
99513 30 0.9006681258390832
70775 1 1.0
98878 -1 0.0
323 -1 0.0
19898 25 0.8154705691102337
31904 -1 0.0
30125 -1 0.0
98637 -1 0.0
45239 -1 0.0
150005 -1 0.0
31226 7 1.0
42571 16 1.0
35838 -1 0.0
781 -1 0.0
5774 -1 0.0
55037 -1 0.0
30119 -1 0.0
99571 39 1.0
428 -1 0.0
44162 -1 0.0
1990228 -1 0.0
30665 -1 0.0
8024 -1 0.0
5942 -1 0.0
1905369 -1 0.0
31248 -1 0.0
8250 -1 0.0
5876 30 1.0
38037 -1 0.0
31371 -1 0.0
9295 -1 0.0
70382 -1 0.0
90533 -1 0.0
835 -1 0.0
30677 -1 0.0
98859 -1 0.0
31166 -1 0.0
31985 -1 0.0
9898 -1 0.0
97708 -1 0.0
31230 -1 0.0
98985 -1 0.0
43076 -1 0.0
45335 -1 0.0
43227 -1 0.0
9529 -1 0.0
306 25 0.8000204289425289
70160 34 1.0
43264 -1 0.0
97610 -1 0.0
30689 -1 0.0
31082 -1 0.0
42597 -1 0.0
48180 -1 0.0
5677 -1 0.0
30428 -1 0.0
42599 55 1.0
31968 -1 0.0
30055 -1 0.0
9528 -1 0.0
30139 -1 0.0
36454 -1 0.0
34705 -1 0.0
70069 -1 0.0
16459 58 0.40937015813316713
1903440 -1 0.0
98791 -1 0.0
30008 -1 0.0
39715 -1 0.0
120 -1 0.0
43527 -1 0.0
30666 57 0.777000544621122
5884 -1 0.0
44217 -1 0.0
55035 -1 0.0
42611 -1 0.0
90395 -1 0.0
8021 -1 0.0
31970 48 0.9356143581836911
35032 -1 0.0
31414 -1 0.0
9277 -1 0.0
5765 -1 0.0
70822 -1 0.0
32580 -1 0.0
5840 75 0.29248252843084643
31332 -1 0.0
19897 -1 0.0
18995 45 0.353468163369109
31469 75 0.2783141967518588
45275 -1 0.0
34518 -1 0.0
48500 -1 0.0
106068 -1 0.0
31977 -1 0.0
70161 34 0.843646484797712
99572 -1 0.0
98636 53 0.327696023106799
34702 -1 0.0
30136 -1 0.0
5881 30 1.0
1902503 -1 0.0
16610 -1 0.0
45240 -1 0.0
30662 57 0.877317098960505
16222 -1 0.0
30062 -1 0.0
8230 -1 0.0
60198 -1 0.0
1990104 -1 0.0
31594 33 1.0
30286 -1 0.0
8328 -1 0.0
71141 -1 0.0
9579 -1 0.0
502 -1 0.0
5886 -1 0.0
44309 -1 0.0
1903439 -1 0.0
31379 -1 0.0
31244 -1 0.0
43292 -1 0.0
19908 -1 0.0
30120 -1 0.0
35770 -1 0.0
30532 63 0.9334957494087943
44853 28 1.0
31519 -1 0.0
235 -1 0.0
30054 -1 0.0
30897 69 0.2299863116906689
5721 -1 0.0
45293 -1 0.0
42651 -1 0.0
30076 -1 0.0
123 1 0.9696389600627401
9503 -1 0.0
42646 -1 0.0
31256 35 0.9272927944753021
31310 -1 0.0
8278 -1 0.0
42579 -1 0.0
32279 -1 0.0
90665 -1 0.0
98644 -1 0.0
33647 -1 0.0
5929 -1 0.0
31228 -1 0.0
30173 -1 0.0
98857 -1 0.0
32806 -1 0.0
98858 -1 0.0
153 -1 0.0
45254 -1 0.0
1905354 -1 0.0
5732 -1 0.0
30863 -1 0.0
72588 -1 0.0
9527 -1 0.0
790 -1 0.0
98984 33 0.9436352190013179
30934 11 1.0
16469 -1 0.0
43230 -1 0.0
46930 -1 0.0
31009 -1 0.0
44165 42 0.6744620849187972
98892 -1 0.0
98949 -1 0.0
44732 -1 0.0
399 -1 0.0
126 -1 0.0
71754 -1 0.0
61174 -1 0.0
9516 -1 0.0
98889 -1 0.0
120111 -1 0.0
150086 -1 0.0
98999 -1 0.0
16587 -1 0.0
98553 -1 0.0
98948 8 0.9995320634989412
34364 -1 0.0
5918 -1 0.0
46658 -1 0.0
34385 -1 0.0
10009 -1 0.0
43186 -1 0.0
42627 -1 0.0
45172 -1 0.0
60076 33 0.9570043085477014
45259 -1 0.0
42709 -1 0.0
98565 -1 0.0
45263 -1 0.0
98554 -1 0.0
45252 -1 0.0
33018 -1 0.0
61850 -1 0.0
935 -1 0.0
783 -1 0.0
99522 -1 0.0
45261 -1 0.0
9506 -1 0.0
16942 -1 0.0
98888 -1 0.0
71746 -1 0.0
16007 -1 0.0
71738 -1 0.0
36056 -1 0.0
19867 -1 0.0
45111 -1 0.0
98022 -1 0.0
43073 -1 0.0
62039 -1 0.0
98890 -1 0.0
98936 8 1.0
325 -1 0.0
99569 39 0.9998631229982569
5826 -1 0.0
44291 -1 0.0
30964 -1 0.0
45120 -1 0.0
99240 8 0.9744243571368981
5912 -1 0.0
97413 -1 0.0
30660 57 0.8378892402567057
42763 -1 0.0
31313 25 1.0
35805 -1 0.0
30112 -1 0.0
8275 -1 0.0
99634 -1 0.0
9897 -1 0.0
1990684 -1 0.0
43036 -1 0.0
31252 -1 0.0
313 -1 0.0
97218 -1 0.0
5782 -1 0.0
10369 -1 0.0
71019 -1 0.0
2139 -1 0.0
98862 -1 0.0
5816 -1 0.0
9505 -1 0.0
1750 -1 0.0
36284 -1 0.0
922 -1 0.0
34646 -1 0.0
30874 -1 0.0
5839 -1 0.0
99086 -1 0.0
322 -1 0.0
44297 -1 0.0
51233 -1 0.0
97518 -1 0.0
32158 -1 0.0
44157 45 0.3642977400497996
9274 -1 0.0
1990427 -1 0.0
439 -1 0.0
19774 -1 0.0
45281 -1 0.0
44303 -1 0.0
31074 -1 0.0
33100 -1 0.0
796 -1 0.0
9330 -1 0.0
45171 -1 0.0
5713 -1 0.0
72379 -1 0.0
70469 -1 0.0
34081 -1 0.0
45277 -1 0.0
8540 -1 0.0
5657 -1 0.0
70288 -1 0.0
32045 -1 0.0
44796 -1 0.0
808 -1 0.0
9534 -1 0.0
8541 -1 0.0
5845 -1 0.0
38201 -1 0.0
70701 -1 0.0
1902937 72 1.0
31105 -1 0.0
1990586 -1 0.0
45242 -1 0.0
5849 -1 0.0
5727 -1 0.0
5663 -1 0.0
97526 -1 0.0
32116 -1 0.0
99243 -1 0.0
5838 -1 0.0
32838 -1 0.0
19773 -1 0.0
46727 -1 0.0
98021 -1 0.0
31978 -1 0.0
36387 -1 0.0
5852 -1 0.0
782 68 0.9792099446125516
45271 -1 0.0
43511 -1 0.0
30135 -1 0.0
30894 -1 0.0
31903 57 0.7706626625968599
31261 -1 0.0
36338 -1 0.0
5858 -1 0.0
19028 -1 0.0
30929 -1 0.0
71012 -1 0.0
5798 -1 0.0
34719 -1 0.0
71013 -1 0.0
30176 -1 0.0
98635 -1 0.0
31975 -1 0.0
98520 33 0.8094116025899227
930 -1 0.0
70419 -1 0.0
44167 -1 0.0
32994 -1 0.0
1902773 -1 0.0
35449 -1 0.0
35450 -1 0.0
62242 -1 0.0
98524 -1 0.0
30137 -1 0.0
229 -1 0.0
34751 -1 0.0
44815 -1 0.0
98793 -1 0.0
33017 -1 0.0
120082 -1 0.0
99568 38 0.8599156932645081
30016 -1 0.0
31520 -1 0.0
97651 -1 0.0
9518 -1 0.0
427 -1 0.0
17059 -1 0.0
71664 -1 0.0
30077 -1 0.0
31264 71 0.21593670074708893
5811 75 0.29079436558282723
30670 -1 0.0
70993 -1 0.0
42101 15 0.2948006015498463
36379 -1 0.0
31514 -1 0.0
98794 -1 0.0
5819 75 0.2852433255806359
347 -1 0.0
44352 -1 0.0
10330 -1 0.0
836 -1 0.0
1739 -1 0.0
30681 -1 0.0
120208 -1 0.0
43033 -1 0.0
31974 -1 0.0
43197 -1 0.0
39713 45 0.33660214466431776
32982 -1 0.0
30426 -1 0.0
98573 -1 0.0
99091 -1 0.0
31597 -1 0.0
32592 -1 0.0
44200 -1 0.0
31351 -1 0.0
5796 -1 0.0
5789 -1 0.0
31350 -1 0.0
44191 -1 0.0
9368 -1 0.0
97470 -1 0.0
71256 69 0.23715457394294198
71682 -1 0.0
16472 69 0.23023332798539298
30131 -1 0.0
19866 13 1.0
1990221 -1 0.0
44384 43 1.0
15935 -1 0.0
97013 -1 0.0
32159 -1 0.0
314 -1 0.0
80008 -1 0.0
15934 -1 0.0
97232 -1 0.0
315 -1 0.0
5902 -1 0.0
31233 -1 0.0
32160 -1 0.0
39661 -1 0.0
97346 29 1.0
178 -1 0.0
30937 -1 0.0
177 -1 0.0
228 -1 0.0
99034 -1 0.0
48492 -1 0.0
99064 -1 0.0
45253 -1 0.0
31211 -1 0.0
106083 -1 0.0
44391 -1 0.0
31303 -1 0.0
776 75 0.28275297043795716
31983 49 0.8785330578736303
16581 41 0.8752085233592108
1902493 -1 0.0
98645 -1 0.0
43202 -1 0.0
5778 -1 0.0
31302 -1 0.0
97648 15 0.30543308216924214
5818 75 0.2821207763672298
106174 -1 0.0
99030 -1 0.0
99056 -1 0.0
43494 -1 0.0
33176 -1 0.0
1902710 -1 0.0
9288 -1 0.0
30118 -1 0.0
19907 -1 0.0
99060 8 1.0
1990707 -1 0.0
98845 -1 0.0
33180 -1 0.0
99503 -1 0.0
31676 -1 0.0
99026 -1 0.0
99081 -1 0.0
30880 -1 0.0
33179 -1 0.0
1905348 -1 0.0
32010 -1 0.0
31026 -1 0.0
97730 -1 0.0
98533 -1 0.0
99699 -1 0.0
30117 -1 0.0
798 -1 0.0
2185 -1 0.0
1990498 -1 0.0
99055 -1 0.0
32476 -1 0.0
48788 -1 0.0
30175 -1 0.0
99025 8 0.9859893312665946
31982 -1 0.0
45251 -1 0.0
90730 -1 0.0
139 57 0.7919573155487178
44160 42 0.6492791430988825
99144 -1 0.0
71749 -1 0.0
5767 -1 0.0
30663 -1 0.0
1990332 -1 0.0
34357 -1 0.0
44174 42 0.7384406347848648
5776 -1 0.0
1990398 -1 0.0
106098 -1 0.0
1902712 -1 0.0
1990621 -1 0.0
33177 -1 0.0
33178 -1 0.0
33573 -1 0.0
43658 42 0.7213717869571485
32173 -1 0.0
97440 -1 0.0
44161 42 0.7233402775968969
150002 -1 0.0
1990635 -1 0.0
45265 -1 0.0
65010 -1 0.0
9523 -1 0.0
9521 -1 0.0
98895 -1 0.0
97441 -1 0.0
9522 -1 0.0
45267 -1 0.0
45269 -1 0.0
33651 42 0.7193852817458247
1905862 -1 0.0
45282 -1 0.0
98642 11 1.0
9319 -1 0.0
98983 33 0.822669124546408
5591 -1 0.0
98852 -1 0.0
44799 -1 0.0
5598 -1 0.0
30935 -1 0.0
45334 -1 0.0
34704 -1 0.0
32174 -1 0.0
144 39 0.9727933495142342
32177 -1 0.0
34707 -1 0.0
60077 33 0.9657803448981475
71753 16 0.9611134066572992
71745 16 0.9679530107560188
71742 -1 0.0
71735 -1 0.0
34706 -1 0.0
15629 39 1.0
45257 -1 0.0
32983 -1 0.0
45283 -1 0.0
5749 -1 0.0
98871 -1 0.0
45246 -1 0.0
97381 -1 0.0
5947 -1 0.0
98521 33 0.8104858498877804
98522 -1 0.0
1904511 -1 0.0
30140 -1 0.0
71014 -1 0.0
70112 -1 0.0
32777 -1 0.0
110086 -1 0.0
32839 -1 0.0
110085 -1 0.0
928 -1 0.0
98523 -1 0.0
98966 -1 0.0
1674 -1 0.0
55032 -1 0.0
71020 -1 0.0
71010 -1 0.0
9547 -1 0.0
8274 -1 0.0
31353 -1 0.0
16607 -1 0.0
779 -1 0.0
5915 -1 0.0
71011 22 1.0
31352 -1 0.0
31354 -1 0.0
31355 -1 0.0
97450 -1 0.0
5923 -1 0.0
98538 -1 0.0
97612 -1 0.0
36449 -1 0.0
45179 38 0.8277693065483396
45203 -1 0.0
35371 -1 0.0
44302 -1 0.0
9508 -1 0.0
934 -1 0.0
942 -1 0.0
98539 -1 0.0
35267 -1 0.0
71575 -1 0.0
31966 -1 0.0
51285 38 0.8058484183275391
31965 -1 0.0
30931 -1 0.0
1990011 -1 0.0
31314 25 0.8225550443653715
46862 -1 0.0
98922 25 0.8474710327643088
33113 -1 0.0
5813 -1 0.0
71782 -1 0.0
31969 -1 0.0
16460 -1 0.0
36405 -1 0.0
98675 -1 0.0
31232 -1 0.0
31002 -1 0.0
61845 -1 0.0
97574 -1 0.0
5825 -1 0.0
31240 -1 0.0
98952 -1 0.0
98950 -1 0.0
5824 -1 0.0
775 -1 0.0
5821 -1 0.0
44156 45 0.4046232602672382
1990039 -1 0.0
72562 -1 0.0
90734 -1 0.0
10339 -1 0.0
35976 -1 0.0
5829 -1 0.0
35869 -1 0.0
97683 -1 0.0
48471 -1 0.0
98563 -1 0.0
5822 -1 0.0
45495 -1 0.0
44298 -1 0.0
61696 -1 0.0
31235 -1 0.0
98955 -1 0.0
98951 -1 0.0
5669 -1 0.0
42716 -1 0.0
8290 -1 0.0
97684 -1 0.0
444 -1 0.0
61645 -1 0.0
71159 -1 0.0
5823 -1 0.0
140220 45 0.40438320327133187
1903502 -1 0.0
1990563 -1 0.0
1990015 -1 0.0
36409 -1 0.0
14069 -1 0.0
33256 -1 0.0
1990249 -1 0.0
42555 -1 0.0
939 -1 0.0
98946 -1 0.0
5861 -1 0.0
44385 45 0.40744690261795197
32992 -1 0.0
97449 -1 0.0
70938 -1 0.0
98945 -1 0.0
31045 54 1.0
30669 -1 0.0
1114 78 0.20535617479205548
43189 -1 0.0
99166 2 1.0
12506 13 1.0
99146 -1 0.0
940 -1 0.0
16465 -1 0.0
31906 -1 0.0
33162 57 0.786268971065951
1990777 -1 0.0
43660 -1 0.0
30668 57 0.9871678259200282
5619 -1 0.0
33118 57 0.9806149814972537
30661 57 0.9738037710863906
1990742 -1 0.0
55028 30 0.8702326346280944
5938 38 1.0
32578 57 0.9802815716618019
35452 25 0.8703454574888406
35840 -1 0.0
312 -1 0.0
98947 -1 0.0
98898 -1 0.0
1902500 -1 0.0
5794 64 0.31828652806044755
44665 -1 0.0
44175 -1 0.0
311 -1 0.0
97179 -1 0.0
176 -1 0.0
35453 25 0.8064990174814018
16471 -1 0.0
44306 -1 0.0
97517 -1 0.0
1903768 -1 0.0
1990907 -1 0.0
16029 -1 0.0
42641 -1 0.0
35145 78 0.2124856271907655
221 -1 0.0
31907 -1 0.0
1903503 78 0.20932206502704362
1725 -1 0.0
32154 -1 0.0
1904144 -1 0.0
1904090 -1 0.0
44163 -1 0.0
220 -1 0.0
85035 -1 0.0
8303 -1 0.0
9289 -1 0.0
70369 -1 0.0
1990531 -1 0.0
777 -1 0.0
46798 -1 0.0
35448 -1 0.0
805 -1 0.0
34718 -1 0.0
70088 64 0.280860963827102
5770 -1 0.0
1990501 -1 0.0
44294 -1 0.0
70992 -1 0.0
1990415 78 0.21007627203861745
98648 -1 0.0
46806 -1 0.0
1990331 1 1.0
12510 -1 0.0
1902695 -1 0.0
34993 -1 0.0
31528 -1 0.0
446 -1 0.0
30864 -1 0.0
31257 -1 0.0
1990177 -1 0.0
330 -1 0.0
71144 -1 0.0
1990229 -1 0.0
46536 -1 0.0
98980 -1 0.0
1990178 -1 0.0
36420 -1 0.0
12507 57 0.7908415757675205
32591 -1 0.0
9329 -1 0.0
9317 -1 0.0
31242 -1 0.0
31011 -1 0.0
1903095 -1 0.0
5863 -1 0.0
9343 -1 0.0
9380 -1 0.0
98733 -1 0.0
1990612 -1 0.0
97454 -1 0.0
33276 -1 0.0
1740 -1 0.0
1990233 -1 0.0
36421 -1 0.0
106095 -1 0.0
5658 -1 0.0
98564 -1 0.0
1902694 -1 0.0
44202 -1 0.0
1902912 -1 0.0
42582 -1 0.0
31979 -1 0.0
36125 -1 0.0
106094 -1 0.0
1990005 -1 0.0
1990429 -1 0.0
33282 69 0.26661392650344906
98566 49 0.9712916315625622
1990710 -1 0.0
5622 -1 0.0
43223 50 0.28446965222462545
44184 -1 0.0
43659 -1 0.0
110129 41 1.0
44193 -1 0.0
794 -1 0.0
36021 -1 0.0
39642 -1 0.0
31259 35 0.9125699211507049
5675 -1 0.0
30122 71 0.21542791140405765
43224 -1 0.0
35098 -1 0.0
793 -1 0.0
16456 -1 0.0
1903143 -1 0.0
36396 -1 0.0
43332 -1 0.0
90545 -1 0.0
9376 -1 0.0
812 -1 0.0
784 -1 0.0
98837 -1 0.0
30075 75 0.2905035471806474
1990330 -1 0.0
1411 -1 0.0
70824 41 1.0
30027 -1 0.0
1990329 -1 0.0
1904564 -1 0.0
1990572 -1 0.0
31465 -1 0.0
1990197 -1 0.0
43160 -1 0.0
45121 -1 0.0
48493 -1 0.0
34990 -1 0.0
35578 -1 0.0
98842 -1 0.0
99115 23 0.9122713239753222
97489 -1 0.0
1990195 -1 0.0
71595 69 0.25562397924341196
223 -1 0.0
48494 -1 0.0
31618 23 0.9128265590312445
5890 71 0.24494201974395963
2178 -1 0.0
222 71 0.21381498651653438
71752 -1 0.0
33181 -1 0.0
5889 71 0.24379064839447862
34991 -1 0.0
30132 -1 0.0
1990941 -1 0.0
71086 -1 0.0
333 -1 0.0
1904856 49 0.9680630602876292
1905961 -1 0.0
33553 -1 0.0
9279 -1 0.0
1990761 -1 0.0
1902377 -1 0.0
5769 -1 0.0
106103 69 0.2680279799751879
5834 -1 0.0
35102 -1 0.0
1990537 -1 0.0
5766 -1 0.0
99400 28 1.0
32587 35 0.9873724593685779
98643 -1 0.0
1990779 -1 0.0
30893 -1 0.0
30892 -1 0.0
97731 -1 0.0
31258 35 0.9938007213027499
97733 -1 0.0
70014 -1 0.0
55036 -1 0.0
16010 -1 0.0
48179 15 0.283565672072292
148 -1 0.0
32127 -1 0.0
5697 -1 0.0
71750 -1 0.0
42645 -1 0.0
62136 -1 0.0
5680 50 0.27952532771204286
70021 15 0.28634084836252716
97732 -1 0.0
98665 -1 0.0
43590 -1 0.0
71751 -1 0.0
1905360 -1 0.0
60091 -1 0.0
61638 -1 0.0
5691 59 1.0
5899 15 0.2795577856770807
5828 -1 0.0
1990389 -1 0.0
1990658 -1 0.0
97589 -1 0.0
33653 -1 0.0
9841 -1 0.0
791 -1 0.0
1902737 -1 0.0
5719 -1 0.0
1904834 -1 0.0
46696 -1 0.0
36019 -1 0.0
5595 -1 0.0
32420 -1 0.0
1902687 -1 0.0
42717 -1 0.0
172 -1 0.0
1990657 -1 0.0
5762 -1 0.0
1990812 -1 0.0
45266 -1 0.0
5827 12 1.0
9705 -1 0.0
5693 62 1.0
5579 -1 0.0
5596 -1 0.0
62011 52 1.0
33503 -1 0.0
1905370 -1 0.0
421 -1 0.0
124 -1 0.0
5763 -1 0.0
19910 -1 0.0
45025 -1 0.0
30089 69 0.24266802079504593
9324 -1 0.0
30096 -1 0.0
1902509 -1 0.0
43020 -1 0.0
31429 -1 0.0
72589 -1 0.0
31027 -1 0.0
8282 71 0.2194495585214473
33654 -1 0.0
16507 -1 0.0
45268 -1 0.0
30094 -1 0.0
33093 -1 0.0
34245 -1 0.0
31902 -1 0.0
45270 -1 0.0
1903958 -1 0.0
62137 -1 0.0
1990318 10 0.9710254627196356
1990203 71 0.22065959574174046
44754 -1 0.0
45260 -1 0.0
506 -1 0.0
1905202 -1 0.0
136 69 0.25808195453002225
5760 -1 0.0
1905286 -1 0.0
31019 -1 0.0
1990207 71 0.2211984632014708
45262 -1 0.0
9923 69 0.23162059323125736
45274 -1 0.0
45264 -1 0.0
30678 -1 0.0
72517 -1 0.0
42765 -1 0.0
16935 -1 0.0
85026 -1 0.0
97658 69 0.22764924527004882
98978 33 0.9171891986501758
42719 -1 0.0
43294 -1 0.0
33652 -1 0.0
5967 -1 0.0
44695 69 0.23906695595328992
2187 -1 0.0
32280 -1 0.0
9357 -1 0.0
17133 -1 0.0
1518 -1 0.0
2169 -1 0.0
45276 -1 0.0
815 69 0.27554823434767245
45278 -1 0.0
45284 -1 0.0
45336 -1 0.0
814 69 0.26697259068679674
98666 -1 0.0
10598 69 0.26939403863038003
45272 -1 0.0
1903113 -1 0.0
30095 -1 0.0
2180 69 0.2457657860443038
1990850 69 0.24001592450342368
98896 -1 0.0
9654 69 0.24803246225630374
5787 69 0.23753159661990228
5892 -1 0.0
1903114 -1 0.0
813 69 0.2726515023808215
5757 -1 0.0
150014 -1 0.0
30093 -1 0.0
98982 33 0.853811221238268
150015 -1 0.0
5587 -1 0.0
20003 -1 0.0
45320 -1 0.0
33175 -1 0.0
9325 -1 0.0
33174 -1 0.0
61841 -1 0.0
32478 -1 0.0
150017 -1 0.0
150016 -1 0.0
331 -1 0.0
32169 -1 0.0
120149 42 0.9646348850833956
71685 -1 0.0
5599 -1 0.0
32195 -1 0.0
44187 42 0.9409739203936017
33650 42 0.9551430701611685
44172 42 0.9625212786871925
36391 -1 0.0
31901 -1 0.0
32176 -1 0.0
5745 -1 0.0
274 -1 0.0
99182 -1 0.0
5754 -1 0.0
10282 -1 0.0
19183 -1 0.0
5753 -1 0.0
45273 -1 0.0
276 -1 0.0
5756 -1 0.0
99143 -1 0.0
98981 33 0.9072267258232939
1990246 -1 0.0
324 -1 0.0
35577 -1 0.0
326 -1 0.0
150050 -1 0.0
275 -1 0.0
14731 -1 0.0
71740 -1 0.0
120201 -1 0.0
71739 -1 0.0
45258 -1 0.0
99189 -1 0.0
71755 -1 0.0
9353 -1 0.0
71747 -1 0.0
71737 -1 0.0
99160 -1 0.0
106123 -1 0.0
45244 -1 0.0
36020 -1 0.0
5751 -1 0.0
71743 -1 0.0
5750 -1 0.0
71744 -1 0.0
98938 -1 0.0
98836 -1 0.0
71736 -1 0.0
1904602 -1 0.0
45241 -1 0.0
5747 -1 0.0
45243 -1 0.0
5962 -1 0.0
61474 -1 0.0
42653 51 1.0
33111 -1 0.0
30134 -1 0.0
98526 -1 0.0
31358 -1 0.0
60200 -1 0.0
98525 -1 0.0
32281 -1 0.0
42652 51 1.0
17146 -1 0.0
31357 -1 0.0
70081 -1 0.0
60199 -1 0.0
31356 -1 0.0
31359 -1 0.0
97637 -1 0.0
98527 -1 0.0
30142 -1 0.0
70114 -1 0.0
30143 -1 0.0
36418 -1 0.0
97636 -1 0.0
71006 -1 0.0
71627 -1 0.0
71017 -1 0.0
71007 -1 0.0
31165 -1 0.0
36419 -1 0.0
71628 -1 0.0
71018 -1 0.0
99501 -1 0.0
1990703 -1 0.0
31311 -1 0.0
31305 -1 0.0
71021 -1 0.0
71008 -1 0.0
71022 -1 0.0
31246 -1 0.0
1990694 -1 0.0
31304 -1 0.0
1990702 -1 0.0
1990914 -1 0.0
31306 -1 0.0
71015 -1 0.0
31307 -1 0.0
1990693 -1 0.0
71004 22 1.0
31237 -1 0.0
71005 -1 0.0
71016 -1 0.0
1990695 -1 0.0
36406 -1 0.0
1990704 -1 0.0
31227 -1 0.0
43661 -1 0.0
31361 -1 0.0
33098 -1 0.0
31360 -1 0.0
120202 -1 0.0
30671 -1 0.0
44214 -1 0.0
33097 -1 0.0
31899 -1 0.0
89717 -1 0.0
97633 -1 0.0
97634 -1 0.0
5743 -1 0.0
9707 -1 0.0
31900 4 1.0
36012 -1 0.0
5640 -1 0.0
36013 -1 0.0
9706 4 1.0
31229 -1 0.0
5637 -1 0.0
97630 -1 0.0
97631 -1 0.0
5741 -1 0.0
98752 -1 0.0
5639 -1 0.0
31231 -1 0.0
99032 -1 0.0
30867 57 0.8046605264812628
99036 -1 0.0
99065 -1 0.0
31308 -1 0.0
31309 -1 0.0
1990673 -1 0.0
30868 57 0.8005580174158086
99062 -1 0.0
99035 -1 0.0
30285 -1 0.0
99066 -1 0.0
5779 -1 0.0
99067 -1 0.0
1990701 -1 0.0
98956 -1 0.0
99057 -1 0.0
99063 -1 0.0
99033 -1 0.0
99169 -1 0.0
99037 -1 0.0
99029 -1 0.0
99031 -1 0.0
90741 57 0.783485690421902
97488 -1 0.0
99059 -1 0.0
99167 -1 0.0
98993 -1 0.0
99027 -1 0.0
46859 57 0.999453935175046
33102 57 0.9838232209203593
98897 57 1.0
98753 -1 0.0
99061 -1 0.0
31362 -1 0.0
99028 2 1.0
99058 -1 0.0
70083 -1 0.0
60201 57 0.7780851737492404
60203 -1 0.0
12508 -1 0.0
12509 -1 0.0
61846 -1 0.0
1903754 -1 0.0
30933 -1 0.0
33255 -1 0.0
42585 -1 0.0
32157 -1 0.0
98998 -1 0.0
30932 -1 0.0
61495 -1 0.0
99168 -1 0.0
35323 -1 0.0
142 -1 0.0
35324 -1 0.0
44288 -1 0.0
71957 -1 0.0
99147 -1 0.0
42729 -1 0.0
34366 -1 0.0
936 -1 0.0
99005 -1 0.0
34361 -1 0.0
97516 -1 0.0
99524 -1 0.0
34360 -1 0.0
98560 -1 0.0
97618 -1 0.0
5919 -1 0.0
99523 -1 0.0
97451 -1 0.0
98861 -1 0.0
780 -1 0.0
43253 -1 0.0
61916 -1 0.0
62194 -1 0.0
72534 -1 0.0
61494 -1 0.0
34363 -1 0.0
34365 -1 0.0
98860 -1 0.0
924 -1 0.0
42567 -1 0.0
5920 -1 0.0
42568 -1 0.0
61917 -1 0.0
98558 -1 0.0
98555 -1 0.0
35062 -1 0.0
34359 -1 0.0
33096 -1 0.0
51077 -1 0.0
44647 -1 0.0
1990160 -1 0.0
9941 -1 0.0
98540 -1 0.0
34425 -1 0.0
98032 -1 0.0
34733 -1 0.0
98557 -1 0.0
5859 -1 0.0
98559 -1 0.0
937 -1 0.0
98592 -1 0.0
71958 -1 0.0
5797 -1 0.0
98033 -1 0.0
9545 -1 0.0
36437 -1 0.0
36436 -1 0.0
1904115 -1 0.0
31898 -1 0.0
39617 -1 0.0
97311 -1 0.0
16008 -1 0.0
62040 -1 0.0
137 -1 0.0
39628 -1 0.0
39627 -1 0.0
1990780 -1 0.0
106186 -1 0.0
1990879 -1 0.0
34732 -1 0.0
98550 -1 0.0
138 -1 0.0
1990159 -1 0.0
31986 -1 0.0
39619 -1 0.0
98891 -1 0.0
31487 58 0.9848946152958923
98965 26 0.9728215798745988
98551 -1 0.0
31480 58 0.9153248570877894
39616 -1 0.0
31616 -1 0.0
42385 58 0.9101551211898398
33112 -1 0.0
1990158 -1 0.0
98894 -1 0.0
61177 -1 0.0
39621 -1 0.0
14803 -1 0.0
1902678 -1 0.0
39629 -1 0.0
31482 58 1.0
16009 -1 0.0
42648 -1 0.0
1990157 -1 0.0
31479 58 0.9465134339348139
70187 -1 0.0
150088 -1 0.0
98556 -1 0.0
36057 -1 0.0
14804 -1 0.0
60102 26 0.956149612933341
31476 58 0.9309716687553204
39623 -1 0.0
39615 -1 0.0
927 -1 0.0
39618 -1 0.0
1902677 -1 0.0
1902674 -1 0.0
97457 -1 0.0
97609 -1 0.0
39622 -1 0.0
1902676 -1 0.0
1902675 -1 0.0
1902636 -1 0.0
31474 58 0.9903606940409456
39620 -1 0.0
33165 -1 0.0
1939 -1 0.0
31973 -1 0.0
55033 -1 0.0
9550 -1 0.0
99535 -1 0.0
60387 -1 0.0
31488 58 0.9041754533232127
9551 -1 0.0
71546 -1 0.0
1902671 -1 0.0
98541 -1 0.0
31484 58 0.9142069735461035
98893 -1 0.0
31485 58 0.966998276110149
31972 -1 0.0
33166 26 0.9496848796936798
5604 26 0.9591065223250826
61176 -1 0.0
150087 -1 0.0
36014 -1 0.0
43078 -1 0.0
1902673 -1 0.0
45160 58 1.0
31477 58 0.9644797580956211
36126 -1 0.0
55031 -1 0.0
31481 58 0.9848946152958923
43082 -1 0.0
9276 -1 0.0
42603 -1 0.0
31475 58 0.9955253249095328
97557 -1 0.0
97650 -1 0.0
31486 58 0.9410973885446795
9530 -1 0.0
31483 58 0.9465134339348139
30114 -1 0.0
106037 -1 0.0
1902672 -1 0.0
1673 -1 0.0
43079 -1 0.0
71547 -1 0.0
31478 58 0.9533034096508824
97558 -1 0.0
98591 -1 0.0
97608 -1 0.0
5917 -1 0.0
799 -1 0.0
97560 -1 0.0
16939 -1 0.0
5614 -1 0.0
34468 -1 0.0
70732 -1 0.0
5872 -1 0.0
10370 -1 0.0
31908 -1 0.0
9531 -1 0.0
1990720 -1 0.0
98745 -1 0.0
97555 -1 0.0
60388 -1 0.0
97559 -1 0.0
70522 -1 0.0
35974 -1 0.0
97426 -1 0.0
32541 -1 0.0
1990012 -1 0.0
1990040 -1 0.0
5914 -1 0.0
1990719 -1 0.0
34519 -1 0.0
5761 -1 0.0
45095 -1 0.0
97414 -1 0.0
1990338 5 0.9531127109976258
97649 -1 0.0
97561 -1 0.0
44286 -1 0.0
16938 -1 0.0
45098 -1 0.0
61814 -1 0.0
98568 -1 0.0
110 -1 0.0
97554 -1 0.0
14704 -1 0.0
5873 -1 0.0
5609 5 0.9431179839779023
90732 -1 0.0
33114 -1 0.0
97556 -1 0.0
5701 -1 0.0
5740 -1 0.0
43257 5 0.9497515925420659
32419 -1 0.0
97144 -1 0.0
34060 -1 0.0
99164 -1 0.0
97137 -1 0.0
5611 5 0.9497515925420659
1940 -1 0.0
97415 -1 0.0
97139 -1 0.0
70312 -1 0.0
120095 -1 0.0
5607 5 1.0
97141 -1 0.0
9275 -1 0.0
70913 -1 0.0
98567 -1 0.0
5606 5 0.9740822771923361
97142 -1 0.0
9543 -1 0.0
1990251 -1 0.0
113 -1 0.0
1990467 -1 0.0
1990339 5 0.9674956110267393
5635 -1 0.0
1990024 -1 0.0
5610 5 0.9729005366797452
5883 -1 0.0
70912 -1 0.0
9578 -1 0.0
9576 -1 0.0
140268 -1 0.0
5638 -1 0.0
44289 -1 0.0
9570 -1 0.0
112 -1 0.0
9571 -1 0.0
70648 -1 0.0
1990686 -1 0.0
71942 -1 0.0
99616 -1 0.0
97635 -1 0.0
1902716 -1 0.0
1903145 -1 0.0
97146 -1 0.0
97138 -1 0.0
43261 5 0.9097082745554076
33063 -1 0.0
5927 -1 0.0
9575 -1 0.0
44284 -1 0.0
140284 -1 0.0
98839 -1 0.0
43260 5 0.9707700633963159
31236 -1 0.0
98674 -1 0.0
70264 -1 0.0
140366 -1 0.0
31562 -1 0.0
5925 -1 0.0
1990795 -1 0.0
1903144 -1 0.0
42764 -1 0.0
30056 -1 0.0
1990340 5 1.0
42643 -1 0.0
44233 -1 0.0
97145 -1 0.0
61689 34 0.8362224545335895
97148 -1 0.0
43258 5 0.9255313008753118
97042 -1 0.0
1990796 -1 0.0
61801 5 0.9461247160647757
61175 -1 0.0
46809 -1 0.0
35061 -1 0.0
1990027 -1 0.0
34362 -1 0.0
97014 -1 0.0
60293 -1 0.0
36389 -1 0.0
19819 -1 0.0
1901589 -1 0.0
5612 5 0.9632878922669521
111 -1 0.0
70860 -1 0.0
42601 -1 0.0
5608 5 0.9499743072126968
99007 -1 0.0
10445 -1 0.0
98853 -1 0.0
99071 -1 0.0
97140 -1 0.0
16606 -1 0.0
34740 -1 0.0
34734 -1 0.0
71601 -1 0.0
71561 -1 0.0
43601 -1 0.0
1905506 -1 0.0
16605 -1 0.0
97611 -1 0.0
98595 -1 0.0
97504 -1 0.0
1990816 -1 0.0
97147 -1 0.0
43769 -1 0.0
39721 -1 0.0
15030 -1 0.0
1905720 -1 0.0
19824 -1 0.0
1990566 -1 0.0
5656 -1 0.0
9501 -1 0.0
1990084 -1 0.0
97143 -1 0.0
71920 -1 0.0
42382 -1 0.0
35363 -1 0.0
44218 -1 0.0
97072 -1 0.0
1990025 -1 0.0
31601 -1 0.0
1990033 -1 0.0
97467 -1 0.0
19823 -1 0.0
120026 -1 0.0
1990085 -1 0.0
31563 -1 0.0
97085 -1 0.0
9577 -1 0.0
30690 -1 0.0
72558 -1 0.0
39720 -1 0.0
97220 -1 0.0
30692 -1 0.0
31084 -1 0.0
31560 -1 0.0
106139 -1 0.0
61851 -1 0.0
97075 -1 0.0
140364 -1 0.0
5668 -1 0.0
120199 -1 0.0
34400 -1 0.0
36156 -1 0.0
61828 -1 0.0
1990468 -1 0.0
127 -1 0.0
44199 -1 0.0
97074 -1 0.0
98547 14 0.9712476180835686
70045 9 0.9221893254874799
62116 -1 0.0
43259 5 0.9234808329452228
99544 -1 0.0
1990374 -1 0.0
70032 9 0.9390632116362029
31085 -1 0.0
44216 -1 0.0
1990503 -1 0.0
500 -1 0.0
1990724 -1 0.0
19820 -1 0.0
9842 -1 0.0
9515 -1 0.0
19821 -1 0.0
70440 -1 0.0
70443 -1 0.0
1990026 -1 0.0
44203 -1 0.0
43083 -1 0.0
72495 -1 0.0
1990902 -1 0.0
811 -1 0.0
30287 -1 0.0
31607 -1 0.0
61829 -1 0.0
932 -1 0.0
9514 -1 0.0
1990220 -1 0.0
9340 -1 0.0
42565 -1 0.0
2140 -1 0.0
9509 -1 0.0
9513 -1 0.0
97424 -1 0.0
43509 -1 0.0
97654 9 1.0
71162 -1 0.0
1990685 -1 0.0
32473 14 1.0
34735 -1 0.0
42580 -1 0.0
44219 -1 0.0
31083 -1 0.0
33066 -1 0.0
1990103 -1 0.0
30288 -1 0.0
1990023 -1 0.0
9569 -1 0.0
33062 -1 0.0
1990901 -1 0.0
48183 -1 0.0
97685 -1 0.0
31515 -1 0.0
30869 -1 0.0
17054 -1 0.0
36157 -1 0.0
99070 -1 0.0
33065 -1 0.0
99573 -1 0.0
19822 -1 0.0
44196 -1 0.0
106143 -1 0.0
98575 14 0.9452362265514211
20015 -1 0.0
34082 -1 0.0
19034 -1 0.0
44204 -1 0.0
75341 -1 0.0
16529 -1 0.0
48046 -1 0.0
32798 -1 0.0
795 -1 0.0
90619 -1 0.0
33105 -1 0.0
140363 -1 0.0
90536 -1 0.0
31561 -1 0.0
31609 -1 0.0
5791 -1 0.0
32421 -1 0.0
10494 -1 0.0
70046 9 0.9599487956098027
1990017 -1 0.0
1990435 -1 0.0
1905760 -1 0.0
99617 14 0.9589953785351051
36410 -1 0.0
97073 -1 0.0
8043 -1 0.0
97431 -1 0.0
31603 -1 0.0
61499 -1 0.0
31213 -1 0.0
31255 -1 0.0
140365 -1 0.0
150056 -1 0.0
70439 -1 0.0
9537 -1 0.0
9568 -1 0.0
70420 -1 0.0
10005 -1 0.0
9533 -1 0.0
44176 -1 0.0
1990098 -1 0.0
72557 -1 0.0
5903 -1 0.0
72559 -1 0.0
1990102 -1 0.0
90712 -1 0.0
30691 -1 0.0
31613 -1 0.0
33391 -1 0.0
2141 -1 0.0
71818 -1 0.0
70768 9 0.8994764130313149
30998 -1 0.0
61803 38 0.8599156932645081
61496 -1 0.0
61793 -1 0.0
1990633 -1 0.0
5790 -1 0.0
1990385 -1 0.0
71009 -1 0.0
70066 9 0.9285853607839293
32162 -1 0.0
1990071 -1 0.0
90537 -1 0.0
71598 -1 0.0
97169 -1 0.0
1990070 -1 0.0
5916 34 0.9009687800275281
72563 -1 0.0
1990021 -1 0.0
34682 53 0.9511632217698669
5802 -1 0.0
44226 -1 0.0
5731 -1 0.0
97208 -1 0.0
16590 -1 0.0
1905721 -1 0.0
1990072 -1 0.0
43600 -1 0.0
1990083 -1 0.0
70722 -1 0.0
1905742 -1 0.0
70033 9 0.9472510009517365
32163 -1 0.0
1990587 -1 0.0
34666 53 0.9479527395775627
70068 9 0.8866184504849007
70263 -1 0.0
1990562 -1 0.0
97219 -1 0.0
34430 -1 0.0
70470 -1 0.0
97209 -1 0.0
32151 -1 0.0
61498 -1 0.0
438 -1 0.0
70044 9 0.8806798392685624
36240 -1 0.0
43510 -1 0.0
120200 -1 0.0
9519 -1 0.0
44225 -1 0.0
31931 -1 0.0
31610 -1 0.0
97486 -1 0.0
1990334 -1 0.0
43626 -1 0.0
1990082 -1 0.0
90396 -1 0.0
34691 53 0.9291064734269288
90535 -1 0.0
61773 -1 0.0
42564 -1 0.0
44095 -1 0.0
1990007 -1 0.0
90705 -1 0.0
70766 9 0.9054284892959268
20011 -1 0.0
5847 -1 0.0
32391 -1 0.0
34669 53 0.9597486242088403
1990150 -1 0.0
809 -1 0.0
34676 53 0.9677092934851544
46581 34 0.9103741259265485
933 -1 0.0
99631 38 0.8544003151884946
31612 -1 0.0
5746 -1 0.0
98831 38 0.869417577778076
1990877 -1 0.0
5870 -1 0.0
1990723 -1 0.0
98834 38 0.8642472468807989
5795 -1 0.0
31097 38 0.8889343201517612
1990753 38 0.8586845669854295
70067 9 0.8951701376953363
39679 -1 0.0
5958 -1 0.0
70047 9 0.9180350106324207
1990434 -1 0.0
120217 -1 0.0
98548 14 0.9862961538651767
5715 -1 0.0
818 -1 0.0
1990020 -1 0.0
61831 34 0.9006195053513241
5714 -1 0.0
97686 -1 0.0
98574 14 0.9939469702222695
61832 34 0.8928154366288269
90694 -1 0.0
43599 -1 0.0
150057 -1 0.0
62243 -1 0.0
43025 -1 0.0
34730 -1 0.0
16914 -1 0.0
70176 -1 0.0
72380 -1 0.0
70702 -1 0.0
90397 -1 0.0
34679 53 0.9734986055471211
43596 -1 0.0
1990250 -1 0.0
30057 34 0.9144285881725774
31600 -1 0.0
1990265 -1 0.0
34083 -1 0.0
34684 53 0.9437428866775353
43528 -1 0.0
43597 -1 0.0
1990243 -1 0.0
33064 -1 0.0
70289 -1 0.0
34731 -1 0.0
34687 53 0.9189545450332959
71540 -1 0.0
70442 53 0.9358767471180436
33010 34 0.9048805957962859
32809 -1 0.0
34066 -1 0.0
44775 -1 0.0
31615 -1 0.0
150058 -1 0.0
34667 53 0.950951907861318
71191 -1 0.0
35525 -1 0.0
70065 9 1.0
34683 53 0.8995738659319815
31932 -1 0.0
48353 -1 0.0
33257 -1 0.0
70554 9 0.9179265056516372
61497 -1 0.0
31633 -1 0.0
48556 56 1.0
70049 9 0.8152776750963354
43296 34 0.9172685228534476
440 -1 0.0
71189 -1 0.0
5664 -1 0.0
70048 9 0.9393102306633995
16589 -1 0.0
97453 -1 0.0
42650 -1 0.0
34690 53 0.9377463645929999
31606 -1 0.0
35861 -1 0.0
34689 53 0.9170418722712231
62245 -1 0.0
34674 53 1.0
34665 53 0.9713840836975999
9535 -1 0.0
9511 -1 0.0
97182 -1 0.0
97575 38 0.8739242959783386
8623 -1 0.0
31040 -1 0.0
5728 -1 0.0
70111 -1 0.0
70355 9 0.9326802715718817
9507 -1 0.0
98018 -1 0.0
36024 -1 0.0
1990101 -1 0.0
941 -1 0.0
97571 -1 0.0
16006 -1 0.0
97183 -1 0.0
30685 -1 0.0
39670 -1 0.0
45180 38 0.8466817592278202
98549 -1 0.0
34680 53 0.9090840271062177
36027 -1 0.0
46540 -1 0.0
71188 -1 0.0
5921 34 0.9058672081972317
30688 -1 0.0
98017 -1 0.0
31598 -1 0.0
70356 9 0.9000244014012366
98992 -1 0.0
43512 -1 0.0
90695 -1 0.0
99096 -1 0.0
36030 -1 0.0
31604 -1 0.0
34688 53 0.9589555321019552
36029 -1 0.0
30930 -1 0.0
97412 -1 0.0
5729 -1 0.0
97515 -1 0.0
1990500 -1 0.0
97362 -1 0.0
30479 -1 0.0
1990588 -1 0.0
22629 -1 0.0
34681 53 0.9717959885468272
48238 -1 0.0
97687 -1 0.0
98723 -1 0.0
61493 -1 0.0
33115 -1 0.0
97514 -1 0.0
70556 -1 0.0
34685 53 0.9519180885788228
5592 -1 0.0
98537 56 1.0
34271 -1 0.0
71190 -1 0.0
43598 -1 0.0
30687 -1 0.0
44316 -1 0.0
71184 -1 0.0
71185 -1 0.0
1990584 -1 0.0
5588 -1 0.0
31039 -1 0.0
48555 -1 0.0
71186 -1 0.0
1904269 38 0.8619977674244665
5848 -1 0.0
1990844 -1 0.0
34675 53 0.9387372553685408
1990843 -1 0.0
36025 -1 0.0
30686 -1 0.0
1905754 -1 0.0
44299 -1 0.0
71666 -1 0.0
1990377 26 0.949368521182295
99020 -1 0.0
97420 -1 0.0
1990325 -1 0.0
70703 -1 0.0
34753 -1 0.0
99021 -1 0.0
5584 -1 0.0
97409 -1 0.0
101019 -1 0.0
97523 -1 0.0
1990623 -1 0.0
44171 -1 0.0
62130 26 0.9496848796936798
61802 38 0.8723766468933374
42757 -1 0.0
97181 -1 0.0
5585 -1 0.0
36028 -1 0.0
97129 -1 0.0
34272 -1 0.0
44386 -1 0.0
1990476 -1 0.0
32152 -1 0.0
43591 -1 0.0
97132 -1 0.0
34686 53 0.9738773549482134
1902501 -1 0.0
34678 53 1.0
71187 -1 0.0
1990675 -1 0.0
70772 -1 0.0
16235 -1 0.0
5586 -1 0.0
97572 -1 0.0
43513 -1 0.0
71541 -1 0.0
97632 25 0.9658844998030853
31316 25 0.9772343669410556
262 -1 0.0
44305 -1 0.0
1990032 -1 0.0
343 -1 0.0
31387 20 1.0
1990674 -1 0.0
98875 -1 0.0
44300 -1 0.0
36026 -1 0.0
5944 -1 0.0
97408 65 0.9821750437066953
70867 -1 0.0
2945 19 0.9386277724139233
1990676 -1 0.0
2944 19 0.9912727471642319
34677 53 0.9351310236856412
97133 20 1.0
97416 -1 0.0
22628 -1 0.0
62129 -1 0.0
97629 25 0.9741703761558822
30445 -1 0.0
97407 -1 0.0
97128 19 0.9420358075067234
1990323 -1 0.0
34668 53 0.8864502735104168
97512 -1 0.0
31021 -1 0.0
97134 19 0.9323389667121884
44301 -1 0.0
48237 -1 0.0
42642 -1 0.0
35339 -1 0.0
32040 -1 0.0
33000 -1 0.0
31415 -1 0.0
70505 26 0.9535939185472091
44169 -1 0.0
30079 -1 0.0
5943 -1 0.0
39641 -1 0.0
1990475 -1 0.0
5780 25 0.9882734194699159
42406 25 0.9769624786719775
97123 -1 0.0
1990474 -1 0.0
19031 -1 0.0
1990455 -1 0.0
1990860 -1 0.0
98850 25 0.9800219378187799
923 -1 0.0
97127 19 0.95656855698632
2179 -1 0.0
44185 -1 0.0
97125 19 0.9452703064332018
35451 -1 0.0
30084 -1 0.0
30313 -1 0.0
33001 -1 0.0
35454 -1 0.0
32398 -1 0.0
31417 -1 0.0
97135 19 0.9502108732067538
344 -1 0.0
31315 25 0.9871893881630557
97124 19 0.9459893547235334
97417 -1 0.0
98572 14 0.9780954523257511
98570 14 0.9839337122972653
150051 -1 0.0
16580 -1 0.0
5641 -1 0.0
97131 19 0.9489602976399452
85041 -1 0.0
90498 25 0.9850492375052161
30446 -1 0.0
97122 -1 0.0
98569 14 0.9737615724668455
42405 -1 0.0
71339 -1 0.0
99013 -1 0.0
97418 -1 0.0
16282 -1 0.0
98929 25 0.9896540334686906
33167 -1 0.0
32999 -1 0.0
97433 83 1.0
1903767 -1 0.0
14802 -1 0.0
34752 -1 0.0
35842 -1 0.0
788 -1 0.0
71781 -1 0.0
33290 -1 0.0
42612 -1 0.0
98571 14 0.9707504655085407
97121 19 0.9543728177744322
30083 -1 0.0
33698 -1 0.0
97130 19 1.0
32998 -1 0.0
30078 -1 0.0
30958 -1 0.0
31416 -1 0.0
839 -1 0.0
80085 -1 0.0
42613 -1 0.0
36224 -1 0.0
32123 -1 0.0
97419 65 1.0
46611 -1 0.0
31241 14 0.9819782136546921
97126 -1 0.0
807 -1 0.0
308 19 1.0
19029 -1 0.0
802 -1 0.0
46821 -1 0.0
31234 -1 0.0
44096 -1 0.0
120121 -1 0.0
106125 -1 0.0
5930 -1 0.0
787 -1 0.0
48501 -1 0.0
45178 -1 0.0
120220 -1 0.0
90724 -1 0.0
110158 -1 0.0
31673 -1 0.0
44280 -1 0.0
31911 -1 0.0
43505 -1 0.0
9418 -1 0.0
97564 -1 0.0
16442 -1 0.0
806 -1 0.0
1902929 -1 0.0
1990295 -1 0.0
34451 -1 0.0
5703 -1 0.0
43699 -1 0.0
48225 -1 0.0
1651 -1 0.0
42600 -1 0.0
1741 -1 0.0
9424 -1 0.0
804 -1 0.0
110070 -1 0.0
43595 -1 0.0
60105 -1 0.0
90553 -1 0.0
43198 -1 0.0
30115 -1 0.0
90123 -1 0.0
97546 -1 0.0
43700 -1 0.0
43698 -1 0.0
44353 0 1.0
9574 -1 0.0
61825 -1 0.0
20038 -1 0.0
98843 -1 0.0
60417 -1 0.0
60987 -1 0.0
1990530 -1 0.0
34506 24 0.9822723259318087
9429 -1 0.0
44322 -1 0.0
97653 -1 0.0
97592 -1 0.0
1990016 -1 0.0
31472 -1 0.0
97002 -1 0.0
31254 -1 0.0
44354 -1 0.0
42734 -1 0.0
99053 -1 0.0
35183 -1 0.0
120219 -1 0.0
32221 -1 0.0
30018 -1 0.0
42470 -1 0.0
20031 81 1.0
5786 -1 0.0
43667 -1 0.0
43671 -1 0.0
5706 -1 0.0
42788 -1 0.0
90552 -1 0.0
43662 -1 0.0
5758 -1 0.0
62199 -1 0.0
99079 -1 0.0
48786 -1 0.0
43680 -1 0.0
33101 -1 0.0
33150 -1 0.0
35748 -1 0.0
5712 -1 0.0
5630 -1 0.0
1990826 -1 0.0
97662 50 0.9148154307607927
20007 -1 0.0
36007 -1 0.0
110093 -1 0.0
1990047 -1 0.0
98844 -1 0.0
35843 -1 0.0
90726 -1 0.0
97225 -1 0.0
55120 82 0.983831386884765
9548 -1 0.0
43203 -1 0.0
97545 82 0.9838403057893679
97568 -1 0.0
31003 -1 0.0
34992 -1 0.0
97566 -1 0.0
120148 -1 0.0
838 -1 0.0
9510 -1 0.0
12511 -1 0.0
61830 -1 0.0
32126 -1 0.0
97591 -1 0.0
32133 -1 0.0
33172 -1 0.0
90641 -1 0.0
43670 -1 0.0
43034 -1 0.0
97038 -1 0.0
97544 -1 0.0
20016 -1 0.0
97596 -1 0.0
32426 -1 0.0
43676 -1 0.0
98577 -1 0.0
778 -1 0.0
943 -1 0.0
106126 -1 0.0
22626 -1 0.0
1891 -1 0.0
44195 -1 0.0
1990014 -1 0.0
1990013 -1 0.0
120102 -1 0.0
97482 -1 0.0
120135 -1 0.0
1990617 46 1.0
97669 50 0.9361476590876915
1990783 -1 0.0
9541 -1 0.0
44296 -1 0.0
407 -1 0.0
72686 -1 0.0
90725 -1 0.0
9428 -1 0.0
5615 -1 0.0
120107 -1 0.0
70652 -1 0.0
19037 -1 0.0
70865 -1 0.0
43701 -1 0.0
62160 -1 0.0
46818 -1 0.0
120120 -1 0.0
97478 -1 0.0
9420 -1 0.0
97567 -1 0.0
30017 -1 0.0
44100 -1 0.0
32178 -1 0.0
97595 -1 0.0
42105 -1 0.0
2193 78 0.9134072660682075
70115 -1 0.0
43678 -1 0.0
20008 -1 0.0
5633 -1 0.0
30496 -1 0.0
9930 -1 0.0
48223 -1 0.0
16328 -1 0.0
419 -1 0.0
20010 -1 0.0
12505 -1 0.0
106069 -1 0.0
97228 -1 0.0
48226 -1 0.0
97227 -1 0.0
1990836 -1 0.0
32179 -1 0.0
97268 -1 0.0
61834 -1 0.0
61827 -1 0.0
90635 -1 0.0
120106 -1 0.0
46868 -1 0.0
97356 -1 0.0
31910 -1 0.0
120098 -1 0.0
97666 50 0.9494230194310654
150004 -1 0.0
44290 -1 0.0
20032 -1 0.0
120134 -1 0.0
17023 -1 0.0
34507 24 0.9802360920901177
32433 -1 0.0
43204 -1 0.0
31674 -1 0.0
97047 -1 0.0
1990018 -1 0.0
90636 -1 0.0
1990073 -1 0.0
44224 -1 0.0
1990354 -1 0.0
120044 -1 0.0
60111 -1 0.0
60104 -1 0.0
31471 -1 0.0
9431 -1 0.0
35182 -1 0.0
14705 -1 0.0
1990819 -1 0.0
97663 50 0.8911392632837449
9433 -1 0.0
97540 81 1.0
9422 -1 0.0
70971 -1 0.0
97448 -1 0.0
9542 -1 0.0
33269 -1 0.0
9425 -1 0.0
140007 78 0.892091996568833
1990647 -1 0.0
43265 -1 0.0
62074 -1 0.0
71341 -1 0.0
90652 -1 0.0
1990875 -1 0.0
32444 -1 0.0
45169 -1 0.0
31430 -1 0.0
1990730 78 0.8850220037679704
97563 -1 0.0
5654 -1 0.0
32584 -1 0.0
90651 -1 0.0
1990143 78 0.9137562393857501
97570 31 1.0
48224 -1 0.0
10319 -1 0.0
97224 -1 0.0
97445 -1 0.0
9546 -1 0.0
31912 -1 0.0
5665 -1 0.0
42718 -1 0.0
32302 -1 0.0
97594 -1 0.0
70985 -1 0.0
43593 -1 0.0
1990916 -1 0.0
72687 -1 0.0
10287 -1 0.0
43493 78 0.938608297059699
45177 82 1.0
131 -1 0.0
97543 -1 0.0
32153 -1 0.0
31592 -1 0.0
43672 -1 0.0
9525 -1 0.0
1990589 -1 0.0
35189 -1 0.0
120100 -1 0.0
1990298 78 0.99428614579066
90658 -1 0.0
44326 -1 0.0
16602 -1 0.0
98579 -1 0.0
120205 -1 0.0
9504 -1 0.0
55044 -1 0.0
43218 -1 0.0
120206 -1 0.0
30991 78 0.9658013038689957
46808 -1 0.0
16528 -1 0.0
90688 -1 0.0
9421 -1 0.0
71150 44 1.0
98578 -1 0.0
1990727 78 0.9306683949244673
120105 -1 0.0
1990225 -1 0.0
5869 -1 0.0
70825 -1 0.0
97673 50 0.887510042125626
5632 -1 0.0
1990876 -1 0.0
90405 -1 0.0
70258 -1 0.0
5631 -1 0.0
5702 -1 0.0
70826 78 0.9812574266573789
30478 -1 0.0
120104 -1 0.0
36457 -1 0.0
34741 78 0.9647495076357789
30907 46 1.0
36477 -1 0.0
97226 -1 0.0
242 -1 0.0
97664 50 0.9126792060927938
70090 -1 0.0
5704 24 1.0
45211 -1 0.0
1990900 -1 0.0
43196 -1 0.0
43188 -1 0.0
32389 -1 0.0
30694 -1 0.0
32437 -1 0.0
33774 -1 0.0
1990597 78 0.9671357414341086
5672 -1 0.0
31209 78 0.8983647649989216
5726 -1 0.0
97197 -1 0.0
43669 83 1.0
70937 78 0.9211328293617841
20023 -1 0.0
32301 -1 0.0
43675 -1 0.0
42106 -1 0.0
43209 -1 0.0
1990718 83 1.0
8352 -1 0.0
31500 -1 0.0
801 -1 0.0
61822 -1 0.0
97593 -1 0.0
1990030 -1 0.0
1772 -1 0.0
30875 -1 0.0
36117 -1 0.0
62201 -1 0.0
98835 -1 0.0
32390 -1 0.0
31672 -1 0.0
97313 -1 0.0
70725 -1 0.0
44228 45 1.0
62071 -1 0.0
30289 -1 0.0
1990696 78 0.9271081695702986
97217 -1 0.0
9986 -1 0.0
71944 -1 0.0
97670 50 0.8911392632837449
5771 -1 0.0
97587 -1 0.0
30993 78 0.9317323666563904
1650 -1 0.0
44327 -1 0.0
44304 -1 0.0
97735 -1 0.0
43245 -1 0.0
70687 -1 0.0
90692 -1 0.0
71151 -1 0.0
44567 -1 0.0
35792 45 0.9415874972939281
30061 -1 0.0
90543 -1 0.0
85036 -1 0.0
33268 -1 0.0
98833 -1 0.0
2199 78 0.9766935852924407
110092 -1 0.0
35649 78 0.8959821587124303
48217 -1 0.0
43187 -1 0.0
1990788 78 0.9385642088023054
43194 -1 0.0
97229 -1 0.0
70693 78 0.9502399486900118
72357 -1 0.0
46612 -1 0.0
71075 78 0.9286818348025936
71597 -1 0.0
97660 50 0.964549937967417
1990664 -1 0.0
43668 -1 0.0
1990513 47 1.0
35749 -1 0.0
1990665 78 0.9437806935911452
70467 78 0.9012320953521324
2177 -1 0.0
90642 -1 0.0
33309 -1 0.0
97423 -1 0.0
36063 -1 0.0
800 -1 0.0
70057 -1 0.0
30915 -1 0.0
90689 -1 0.0
97667 50 0.9091995096446953
9336 -1 0.0
44293 -1 0.0
43674 -1 0.0
31265 -1 0.0
1652 -1 0.0
70532 78 0.9228860415463109
106124 -1 0.0
70514 -1 0.0
98788 -1 0.0
44613 78 0.8800582855277744
33291 -1 0.0
5736 -1 0.0
9524 -1 0.0
38045 78 0.9209226763610024
16363 -1 0.0
71943 -1 0.0
48787 -1 0.0
97671 50 1.0
97665 50 0.9248726561429782
33607 78 0.8717519929817945
110071 -1 0.0
5673 -1 0.0
43592 -1 0.0
70477 -1 0.0
44155 45 0.9739655281732825
120119 34 0.8371751608252229
1536 78 0.9960337806118357
9419 -1 0.0
5705 -1 0.0
9426 -1 0.0
9356 78 0.9610725254098219
71819 78 0.9078457014606417
61908 -1 0.0
70117 -1 0.0
36488 47 0.9987336356995488
2111 78 0.9110627563077779
5674 47 0.9980586639431545
97661 50 0.9332420086519173
16513 47 0.98042389439751
61823 -1 0.0
97565 -1 0.0
5655 -1 0.0
43220 -1 0.0
33270 -1 0.0
9549 -1 0.0
44231 45 0.9223094154989248
97613 -1 0.0
70645 -1 0.0
32579 -1 0.0
1990469 78 0.9362409142213891
43159 -1 0.0
71203 78 0.9399937279621465
43219 -1 0.0
1990811 78 0.9553210495153437
1990794 -1 0.0
9337 78 0.9393193230622865
34663 78 0.9401441848108903
30080 78 0.9244852488024787
36398 78 0.9284190290476614
31266 -1 0.0
1990463 78 0.8616002128066518
5621 -1 0.0
164 -1 0.0
61835 -1 0.0
71149 47 1.0
60109 -1 0.0
106003 78 0.876873923124363
97562 -1 0.0
1990065 78 0.9588132504026973
44568 -1 0.0
44099 -1 0.0
35301 78 0.9429399262200859
71176 78 0.8816558325308884
60107 -1 0.0
1990917 -1 0.0
44229 45 0.9463679493625453
60418 -1 0.0
33104 78 0.8687235170521014
70313 78 0.9463504969243801
1990037 -1 0.0
98774 78 0.9295530760151048
61826 -1 0.0
71808 -1 0.0
70559 78 0.9536499554412068
1990805 -1 0.0
34981 -1 0.0
159 -1 0.0
35686 -1 0.0
31080 78 0.9360953045339192
71521 78 0.9490487877071203
33012 -1 0.0
36062 -1 0.0
89716 -1 0.0
1990660 78 0.9407809867917416
5862 78 0.921356319834316
48222 -1 0.0
30486 -1 0.0
44675 78 0.9334898227479707
30956 78 0.9043972435201213
1990615 78 1.0
43850 78 0.9368604737702263
20005 45 1.0
70274 78 0.9266661402082498
42649 -1 0.0
33597 78 0.9084374547831515
120212 -1 0.0
120043 -1 0.0
60110 -1 0.0
71154 78 0.9570905279033038
97347 78 0.9362262693271778
30896 78 0.9389839306307468
70214 78 0.9223398472307275
140451 78 0.9460160870030339
5666 -1 0.0
1990156 -1 0.0
97619 78 0.9549656340449555
19036 78 0.9106029960496568
150034 -1 0.0
97569 -1 0.0
5833 78 0.9179316020579368
418 -1 0.0
1990433 -1 0.0
60108 -1 0.0
35997 -1 0.0
72324 -1 0.0
62128 78 0.9096039151691776
1990706 78 0.9472542102604191
5652 -1 0.0
34749 78 0.9201725879503894
1990923 78 0.9679087171194004
1990711 -1 0.0
1990038 -1 0.0
44230 45 0.990010073233104
8537 78 0.919320990360416
1990200 78 0.9090853730066265
97668 50 0.9384822830403862
120083 -1 0.0
70516 78 0.9417423028656923
31470 -1 0.0
90637 -1 0.0
43847 78 0.9334821392292427
106002 78 0.9310430422012644
1990567 -1 0.0
35658 78 0.9068610557818965
34692 78 0.8673531923622567
97464 -1 0.0
22624 78 0.9224017920445278
1400 -1 0.0
20039 -1 0.0
97452 78 0.898776880840173
34399 -1 0.0
30990 78 0.8985563248613366
1990622 78 0.9017470784685049
97537 78 0.9562689775145861
30232 47 0.9896661129528027
46610 -1 0.0
97422 -1 0.0
1990717 -1 0.0
70385 78 0.9550695875937747
44676 78 0.9080415991458677
71148 -1 0.0
5865 -1 0.0
34064 78 0.9421790082397247
62119 78 0.9507661784093715
70695 78 0.9396621677305642
44221 45 0.9546647513343838
97221 -1 0.0
120099 78 0.9002978014807477
5601 78 0.9355722113506592
34744 78 0.9513605467969928
70744 78 0.9354380680786335
43845 78 0.8966639641670094
44611 78 0.8913972305093291
34717 78 0.9387418813964914
106093 78 0.962495329230317
33551 78 0.9289445839742816
44614 78 0.8780340361225836
30895 78 0.9447805286135758
2929 78 0.9765388356081178
62073 78 0.9373439933493076
98654 78 0.8775711064153132
70847 47 0.9743618503676271
31499 78 0.9068042269330909
44615 78 0.957901369704721
44776 78 0.8933068992957125
18444 78 0.9382673380555072
44084 45 0.931508061761675
140022 -1 0.0
70310 78 0.9141608909447695
70209 78 0.9337097833511101
1990341 78 0.9640759224196315
1990393 78 0.9038612499536307
346 78 0.8688848050900589
70721 47 0.9851768960929177
1917 -1 0.0
16272 78 0.99263801737006
9427 -1 0.0
71563 78 0.9270572516829653
97344 78 0.9329702604156448
97614 -1 0.0
97541 -1 0.0
34980 -1 0.0
97204 -1 0.0
99128 78 0.9302636379827688
17101 78 0.9378864568301013
120155 78 0.9027670529774736
1990062 78 0.9172280479209686
1990252 78 0.9752009770426351
34974 78 0.9046195730881932
30992 78 0.9602299537701491
34978 78 0.9779732174543196
30082 78 0.9089526127937759
34748 78 0.8812770531486537
97542 -1 0.0
1990533 78 0.9126509597639485
32797 78 0.9409764874960344
8074 78 0.9448178183928647
5952 78 0.8851050026094773
1990733 78 0.8771847298682546
5956 78 0.9068986383598006
99629 -1 0.0
417 78 0.9120282816573048
31511 78 0.9555609029625126
70876 78 0.9587144621324517
817 78 0.9049470922293366
97674 50 1.0
31522 78 0.9393637407505235
71179 78 0.9120253192402888
1903269 78 0.8962029501326647
1990477 78 0.9197000148814228
1990423 78 0.9110317556832549
43514 78 0.8869253914536773
5616 78 0.962113129233831
1990745 78 0.9008748255261704
60106 -1 0.0
44677 78 0.910505319062771
1990328 78 0.9282774105583098
2133 78 0.96273682794635
62141 78 0.8441528560567191
5853 78 0.9557430617988802
31298 78 0.9760137620977222
5850 78 0.9906858449258525
10318 78 0.9205440320697278
43291 78 0.8881290109631075
31251 78 0.9044973972263654
34456 78 0.9492767763726639
97203 82 1.0
62049 78 0.9364783082608636
35253 -1 0.0
1990333 78 0.9032045258292962
34464 78 0.9012603504199138
5885 78 0.9181738666757452
9344 78 0.9174190086251296
71178 78 0.9590752329021194
71155 78 0.9339366819807082
97059 78 0.96865769216442
1990133 -1 0.0
44538 45 0.9412410305355635
36501 78 0.9124678419676783
44672 78 0.8997191741569888
70533 78 0.9087743732028509
16591 -1 0.0
15627 78 0.869080086061324
31250 78 0.9076862428212394
72487 -1 0.0
1535 78 0.9812244885908021
140224 78 0.9411387851666276
61703 78 0.9115727052545469
1990590 -1 0.0
8091 78 0.9022131242968573
46691 -1 0.0
43846 78 0.9108775733837382
71817 78 0.8707329036546007
8180 78 0.9178967469807543
110078 78 0.9517665619441601
71180 78 0.9226977867193089
61671 78 0.8902232419213085
44158 45 0.948847509286623
1990713 78 0.9299805488897468
30315 -1 0.0
30081 78 0.9450255100807103
1990666 78 0.9370748199025006
61838 78 0.9805190719380859
38059 78 0.966328047553985
70332 78 0.9127348595650174
97057 78 0.8930743295025743
31521 78 0.9703502873392418
9379 -1 0.0
1990528 78 0.8778960737533782
1990378 44 1.0
97672 50 0.90900753431442
33186 78 0.9613912236819178
5643 78 0.8782961616835862
14801 -1 0.0
36038 78 0.8956775043128413
70762 78 0.9244077142340805
22623 78 0.9356958611486909
36375 78 0.9643839771159677
110157 78 0.9226647402346297
70767 78 0.9430566193863655
48189 78 0.9187050063757243
30314 78 0.919079341051861
20004 45 0.9751034555104933
35808 78 0.9390588116474929
9327 78 0.9230000614163223
98820 78 0.8542430732447623
34996 78 0.973942950282488
71182 78 0.9513005561800852
89701 78 0.9598053175779303
70850 78 0.9780309920761951
1990716 -1 0.0
140225 78 0.94171055211963
1990861 78 0.9434113478133183
30256 78 0.8521479308472814
43529 78 0.940568618799449
34455 78 0.9434126978663694
1990161 -1 0.0
70421 78 0.9502683716278889
98652 -1 0.0
71147 78 0.9366185837091273
31617 78 0.9487305691314595
39658 78 0.9599434906759513
1990527 78 0.8956525046708805
44609 78 0.8785650031300081
32299 78 0.899247768453667
43684 78 0.9764247936731466
1990526 78 0.9844555132549047
5963 -1 0.0
32807 78 0.8925910476437323
89713 78 0.884537205413114
44816 78 0.9498662732475126
17102 78 0.9062887979691244
34716 78 0.9154137891527655
31395 78 0.9058414542680023
19013 79 0.9681648285717583
5851 78 0.9641354957933891
97495 78 0.9081203917335993
5955 -1 0.0
61574 78 0.9743433865835959
70864 78 0.9268622253486246
5577 78 0.9461179318632129
72669 78 0.9310013211881238
34745 78 0.8953146352510265
97373 78 0.9258222103214702
33557 78 0.9517665619441601
31680 78 0.9469401255475424
9366 78 0.9313719105759842
31941 78 0.8976021696259352
97149 78 0.9113301332401721
1990356 78 0.9436605587878619
34457 78 0.9496160161671993
1990909 78 0.9775977628671431
1990728 78 0.8555872553924263
34743 78 0.8976377217010932
10316 78 0.9489178721136942
70531 78 0.9281958784179845
34746 78 0.901201390095796
32449 78 0.9299781219961498
44697 78 0.9307758323144855
97078 78 0.9159281965345494
34388 78 0.9108992991648605
44295 -1 0.0
1990130 78 0.8721259484491962
408 78 0.9540767262021834
1990964 78 0.9297530422671887
71821 78 0.9252929033322136
1990100 78 0.8990124299379691
110142 78 0.9302767715004104
98986 -1 0.0
70331 78 0.9091172753808844
34657 78 0.964887549361738
43564 78 0.9180277607178011
120216 78 0.8699865648872196
33593 78 0.8687908601804882
5933 -1 0.0
2167 78 0.9523229943885403
1990315 78 0.8786440236189299
1990453 78 0.9826047632624325
10170 -1 0.0
97675 50 0.890037076769557
31518 78 0.900092849030999
70745 78 0.966774505734631
1534 78 0.9501526280087804
120171 78 0.8401051816942638
797 78 0.9278529740751779
62048 78 0.9689117686545696
33596 78 0.9136488723476228
97456 -1 0.0
70422 78 0.9217196520536468
16281 78 0.9899207008024581
62167 78 0.9173676360556042
97255 78 0.9567470250767174
120209 -1 0.0
70441 78 0.912088161703246
33193 78 0.8623809440572802
33203 -1 0.0
1990499 78 0.9527089502997119
43673 -1 0.0
2096 78 0.9445278993354426
97076 78 0.9195463927220443
71152 78 0.8910395196771035
42827 55 1.0
5662 78 0.870099550118444
17117 -1 0.0
97539 78 0.9328016449925094
1990031 -1 0.0
5846 -1 0.0
5602 78 0.92759491738069
1990509 78 0.906048769284906
34270 78 0.9089185119823385
97710 78 0.9356635643621268
43655 45 0.3139362333765497
32766 78 0.9517274990798134
5835 78 0.933536495570228
35693 78 0.9102547901949429
55087 78 0.9005204612184939
34044 78 0.9381776408483525
99092 -1 0.0
5831 78 0.9109334121155876
110131 78 0.9150876776495345
16611 -1 0.0
31262 78 0.9295804183689315
71153 78 0.9153453117322655
9843 -1 0.0
70517 78 0.9226295541951317
31838 78 0.9288259520674461
97361 78 0.9135500969681742
120103 78 0.9346608516078694
70557 78 0.9175128475496866
16613 -1 0.0
99126 78 0.8224490829818817
33588 78 0.9217111849661078
32996 78 0.9554712431077125
42272 78 0.8902397506697692
39625 79 0.9493697904776662
71181 78 0.8945193656627415
42587 -1 0.0
71177 78 0.913433516175934
43656 45 0.9564341500676999
120210 -1 0.0
35059 78 0.9835514202152702
99078 78 0.8821063446790378
36000 54 0.9476135234518928
98975 -1 0.0
71665 -1 0.0
1990630 78 0.8973086878790608
32517 78 0.9086038596844968
31422 78 0.8725125024382375
70552 78 0.954666471878365
30877 78 0.9713488641862116
71175 78 0.9010713269963603
43664 45 0.9712183497051182
97520 68 0.9977663114009055
34206 68 0.9822160320628681
1990661 78 0.904232931718388
70354 78 0.9289715504935748
35859 78 0.8890625000721564
34750 78 0.9357131393866278
19035 78 0.8919530185228314
30679 -1 0.0
36286 78 0.9174267110696078
90443 78 0.9174825613371091
19008 78 0.9224354255337045
1990346 78 0.9852606381489025
31431 78 0.982085000824204
70390 78 0.9552614033921671
106249 78 0.8714257504711238
1990357 -1 0.0
30257 78 0.9373393797248274
61700 78 1.0
17177 78 0.9482589371138898
1990131 78 0.8090288791093407
9359 -1 0.0
31389 78 0.906249747068116
32068 -1 0.0
31091 54 0.9798595065752239
31390 78 0.8993991425933074
98580 -1 0.0
16612 -1 0.0
1990667 78 0.9899207008024581
97728 -1 0.0
71194 -1 0.0
43665 45 0.9976296623537815
30014 78 0.8985703105889407
62092 78 0.8764467559081375
17086 78 0.8843270064964323
60473 54 0.976325983049529
70743 78 0.9314374497767053
43240 78 0.9876532410073323
16592 78 0.9425310731908625
5954 78 0.9440040392244062
1990682 78 0.8905609545547148
44545 -1 0.0
120124 78 0.9394841394053915
10367 -1 0.0
445 -1 0.0
31523 78 0.8762470496350324
45298 78 0.86553333236384
19197 78 0.9323227700077599
71202 -1 0.0
9346 78 0.9413768578573529
44612 78 0.9591527873623061
1669 54 0.96510250526772
32545 78 0.8546019352335664
61576 78 0.9613356998276935
1990972 -1 0.0
71193 -1 0.0
70820 54 0.9542964852729588
31595 -1 0.0
98046 78 0.923066953866518
30015 78 0.9421207768882968
70545 78 0.9388727227475566
2142 78 0.8930098377755014
32282 -1 0.0
20006 45 0.9670376072179361
10368 -1 0.0
5682 -1 0.0
71197 -1 0.0
42588 54 0.9546074880548011
98561 78 0.9443624236465159
10317 78 0.9581562723442538
2144 78 0.8733973319275706
43657 -1 0.0
5671 -1 0.0
34099 78 0.8770423822847282
42583 54 0.9523443468188248
974 78 0.911238165298789
97455 -1 0.0
5688 62 1.0
98026 79 0.9558180137902872
98855 -1 0.0
34977 78 0.8820843434297014
70387 -1 0.0
32039 78 0.9536848037978705
70353 78 0.94325481145854
34664 -1 0.0
43293 78 0.910978609288465
71198 -1 0.0
70776 -1 0.0
61927 78 0.9044328354208112
1990565 -1 0.0
71196 -1 0.0
98027 79 0.984032169382397
34495 -1 0.0
1990112 78 0.9488039660267941
32593 54 0.9671530949931777
39626 79 0.9493697904776662
48476 -1 0.0
98029 79 0.9781962892135561
1990871 78 0.9517317408434528
31421 68 0.9897902123444405
39624 79 0.955120576725903
97058 78 0.9072361956732913
90733 -1 0.0
44834 68 0.9987823486573094
5854 78 0.9605089913286591
98015 -1 0.0
32311 78 0.9321865089027527
99165 -1 0.0
70388 -1 0.0
98031 79 0.9304895705593441
1990957 78 0.9192373307741918
1990097 68 1.0
71192 -1 0.0
33254 -1 0.0
5686 61 0.9705880533053881
71201 -1 0.0
46729 79 0.9716106389269996
97387 -1 0.0
98594 -1 0.0
30870 78 0.9419540180892221
34973 78 0.873202325220979
19033 79 0.9705455763281956
101002 54 0.9671092464317822
44777 78 0.9472346000444843
5692 61 0.9871565689976665
71199 -1 0.0
61957 78 0.8921032323648928
98023 80 1.0
1990125 78 0.957969351253952
5931 78 0.9900958442813097
71195 -1 0.0
5868 -1 0.0
1990971 -1 0.0
34777 -1 0.0
42581 -1 0.0
70386 -1 0.0
97550 68 0.9931067201165258
5832 -1 0.0
98028 79 0.9754455929510464
98024 79 1.0
70565 68 1.0
98061 79 0.9670301072905426
32283 -1 0.0
71200 -1 0.0
97519 68 0.9893759738075107
97522 68 0.9830808282488461
34693 61 0.9774580568909611
71002 61 0.9825244068659159
98030 80 1.0
19185 -1 0.0
19812 -1 0.0
71024 61 1.0
90577 -1 0.0
120115 -1 0.0
1990198 -1 0.0
32046 -1 0.0
145 -1 0.0
70877 -1 0.0
5685 -1 0.0
98025 79 1.0
42383 -1 0.0
32284 -1 0.0
1905759 -1 0.0
71003 61 0.9807515040705271
30129 -1 0.0
19813 -1 0.0
16514 -1 0.0
97524 -1 0.0
1903865 -1 0.0
34715 -1 0.0
32044 -1 0.0
71001 61 0.9679834955002192
1990361 -1 0.0
110016 29 0.910142672044407
1533 -1 0.0
16586 29 0.9127792960976443
1990060 -1 0.0
72494 -1 0.0
34515 -1 0.0
1990111 -1 0.0
35841 -1 0.0
1990121 -1 0.0
1990406 -1 0.0
1990232 -1 0.0
5690 59 1.0
1901588 -1 0.0
8232 -1 0.0
17119 -1 0.0
30121 -1 0.0
32783 -1 0.0
16593 -1 0.0
70449 -1 0.0
140222 -1 0.0
90653 0 1.0
90578 -1 0.0
30130 -1 0.0
90404 -1 0.0
1990726 -1 0.0
97513 -1 0.0
33289 12 1.0
31905 -1 0.0
98684 -1 0.0
44201 -1 0.0
35796 -1 0.0
32164 -1 0.0
5687 61 0.9799210049049953
5880 -1 0.0
31245 -1 0.0
30128 -1 0.0
8231 -1 0.0
34469 -1 0.0
110001 -1 0.0
44308 -1 0.0
140288 -1 0.0
1990154 -1 0.0
140092 29 0.9286218145213246
61673 -1 0.0
36411 -1 0.0
32021 -1 0.0
44192 -1 0.0
1990512 -1 0.0
62113 -1 0.0
42566 64 0.9054620879701046
35060 -1 0.0
98683 -1 0.0
71564 -1 0.0
70939 -1 0.0
1990222 -1 0.0
33263 -1 0.0
35101 -1 0.0
20025 -1 0.0
140091 29 0.9237835935439559
938 -1 0.0
1520 30 0.9153485825702472
1902517 -1 0.0
90574 -1 0.0
97196 3 1.0
140020 18 0.9818837220248556
1990008 -1 0.0
71261 -1 0.0
55052 -1 0.0
1990191 -1 0.0
35012 -1 0.0
1990574 -1 0.0
97465 -1 0.0
22625 -1 0.0
5784 -1 0.0
85042 43 0.9716421209820745
70311 18 0.9761772918560747
16474 -1 0.0
98832 -1 0.0
90573 -1 0.0
31381 -1 0.0
44666 -1 0.0
32171 -1 0.0
71142 -1 0.0
140093 29 0.922113338467062
22627 -1 0.0
90654 -1 0.0
71565 -1 0.0
90572 -1 0.0
55051 -1 0.0
97691 -1 0.0
16473 -1 0.0
1990199 -1 0.0
1990462 64 1.0
34709 18 0.9767524804856363
44227 64 0.9046621348962369
19012 -1 0.0
70116 -1 0.0
30127 -1 0.0
140445 -1 0.0
35996 -1 0.0
44188 43 0.9769470872960029
30126 -1 0.0
31380 -1 0.0
150006 -1 0.0
5793 64 0.9885129078594903
97233 -1 0.0
90570 -1 0.0
44222 64 0.9112742398328172
1990193 -1 0.0
5901 -1 0.0
85039 43 1.0
5623 -1 0.0
31464 -1 0.0
44680 18 0.9934272604670987
31533 18 0.9824255537111761
33099 64 0.9671169049023141
32047 64 0.9550502226389483
72516 64 0.9330468357665797
71212 64 0.8968261702518251
61468 64 1.0
34466 -1 0.0
35657 17 1.0
32166 -1 0.0
39662 -1 0.0
10168 64 0.9470982103240894
71914 -1 0.0
5722 -1 0.0
33645 43 0.9575405630182351
106176 -1 0.0
97234 -1 0.0
70451 36 0.980569732358239
43853 18 0.996400750169621
44223 64 0.9452260921817371
97511 -1 0.0
34591 -1 0.0
44173 43 0.9793728066784982
1990061 -1 0.0
31094 64 0.8872054026687993
5801 64 0.9097565617852306
120203 -1 0.0
20002 43 0.98702051241158
97582 -1 0.0
5683 -1 0.0
44178 43 0.9850872914319366
33009 64 0.9092180029258541
5723 -1 0.0
110145 -1 0.0
20009 64 0.9947801101068983
32165 -1 0.0
44393 36 0.9537429397768209
31089 -1 0.0
97583 -1 0.0
70074 64 0.9798253101115411
1905543 60 0.9724869878639942
61701 -1 0.0
35580 -1 0.0
42735 64 0.9558980946289671
70062 -1 0.0
36194 36 1.0
1990905 -1 0.0
70195 60 0.97834081820825
30485 -1 0.0
44311 64 0.8880432441069148
31143 -1 0.0
1990620 60 0.9858586596753042
85037 43 0.9803668279845678
97189 -1 0.0
1905571 60 0.9913168685046453
70118 -1 0.0
20022 64 0.8998366070136037
16028 36 0.9546021467995837
48188 17 1.0
30123 -1 0.0
9840 -1 0.0
71437 -1 0.0
5759 48 0.9928346478411875
98846 37 1.0
30673 -1 0.0
31093 -1 0.0
97584 -1 0.0
2947 60 0.9893512513665829
90512 -1 0.0
98854 36 1.0
1990140 -1 0.0
1902502 -1 0.0
97586 -1 0.0
97585 -1 0.0
5700 -1 0.0
98585 -1 0.0
5937 -1 0.0
140368 60 0.963885952693078
30124 -1 0.0
1726 36 0.992000892057074
44599 -1 0.0
70691 -1 0.0
30849 -1 0.0
35230 36 0.9867143611275148
1931 36 0.9795044897367842
345 -1 0.0
35517 -1 0.0
125 -1 0.0
60171 -1 0.0
31981 48 0.9847380042424557
97165 -1 0.0
71953 -1 0.0
32590 -1 0.0
70685 -1 0.0
46695 -1 0.0
70692 -1 0.0
30914 -1 0.0
32059 36 0.9572721576129225
90406 37 1.0
1904813 48 0.9961631169302199
44842 48 0.9905280261554965
2116 60 1.0
5934 -1 0.0
70211 -1 0.0
35619 -1 0.0
38104 60 0.9752186544484026
35839 -1 0.0
9517 -1 0.0
35692 60 0.9754138126313686
33985 48 0.994400025005828
35618 -1 0.0
98647 -1 0.0
34422 49 0.964905797166429
1904096 -1 0.0
106172 49 0.9689106286196301
46861 -1 0.0
1904097 -1 0.0
45249 -1 0.0
31096 48 0.9802355288291055
120118 -1 0.0
98646 -1 0.0
5935 -1 0.0
16323 27 1.0
35361 -1 0.0
31467 -1 0.0
1904724 48 1.0
60342 27 0.99150662244901
31463 -1 0.0
31020 -1 0.0
70210 -1 0.0
1527 -1 0.0
61800 -1 0.0
70082 49 1.0
97652 -1 0.0
36407 -1 0.0
39643 -1 0.0
1905540 60 0.9868429991327367
34492 48 0.9856346054212606
61836 -1 0.0
97348 -1 0.0
34592 49 0.9563887006732359
60202 49 0.9997355799360799
9925 27 0.9869320460165396
1990196 -1 0.0
31462 -1 0.0
34494 48 1.0
16324 27 0.9910187665687343
1990508 -1 0.0
31411 75 0.9339613699397709
34493 49 0.9835499155108521
55040 -1 0.0
71079 71 0.9504897891507251
34967 -1 0.0
31004 -1 0.0
16327 27 0.9890923421754845
71093 71 0.9772098860239102
16035 -1 0.0
71078 71 0.9692411765832412
34467 49 0.9672861500818988
38141 15 0.9557934834420563
9573 -1 0.0
97471 -1 0.0
1990913 27 0.9687450290218923
42647 -1 0.0
35631 15 0.935035211946667
71132 71 0.8519178445242521
9323 -1 0.0
98899 49 0.9831399791169401
99012 -1 0.0
71128 71 0.834035118399233
71065 71 0.8856514652352786
31466 -1 0.0
1990454 -1 0.0
106173 49 0.9694242982285347
16013 71 0.9646423896974025
61201 49 0.9680630602876292
71115 71 0.8563275773455269
71095 71 0.8723419528830583
45323 15 0.946917921475233
71069 71 0.9219975297557604
70024 71 0.9156791560730491
8622 -1 0.0
5905 27 0.9880709079754126
70931 49 0.977393583395904
71059 71 0.8753098335932523
60204 49 1.0
1902507 -1 0.0
5897 15 0.9460692859150505
1990075 27 1.0
71138 71 0.8634235058700548
1990184 71 0.9353272760621038
71112 71 0.9361156962268465
70465 71 0.9583810423980063
70765 71 0.921473330710605
9360 -1 0.0
1990176 71 0.9393302526011453
38038 -1 0.0
71100 71 0.9203072819352963
36128 -1 0.0
71090 71 0.8511677239833232
35867 71 0.8713610996699017
70030 71 0.9041462286871886
70023 71 0.9084689483697831
106033 -1 0.0
46860 -1 0.0
71118 71 0.8595283016790191
1990392 71 0.944982699679807
71123 71 0.9599156649075887
71081 71 0.8994317759400525
31317 -1 0.0
30430 -1 0.0
97025 71 0.8927316942902783
8087 -1 0.0
70769 71 0.8660490517384325
16600 71 0.9642501425575483
71131 71 0.8843209085553195
1990851 71 0.9014830740559492
1990712 15 0.9243271762080338
71052 71 0.9345568919452044
71067 71 0.967048699161133
71114 71 0.8554730663554696
90534 -1 0.0
1990483 -1 0.0
1990425 -1 0.0
71438 35 0.9259465307585608
33281 71 0.9485962478671649
70357 71 0.8887438395723137
71085 71 0.9392182555466254
70771 71 0.9616340771387825
71088 71 0.894815471184155
71098 71 0.8646267677087672
70823 -1 0.0
30988 15 0.9379619436829415
70017 71 0.8501594459944354
71101 71 0.8790801473131077
70031 71 0.898613679477078
38144 15 0.9673558006668207
9921 71 0.9342906059554755
120003 27 0.9944214868929214
45092 15 0.9817523413842739
70620 71 0.9538172769093131
31588 -1 0.0
71125 71 1.0
71084 71 1.0
38197 15 0.9020721451062159
70720 71 0.9459892337407806
35868 71 0.9139132187893826
71058 71 0.9158185001402389
38143 15 0.9828447475396087
42022 15 0.9436659675859421
71124 71 0.9327364896536945
70450 71 0.9150726140693017
106084 -1 0.0
71070 71 0.9060552264042007
16011 71 0.9076927389894414
62159 75 0.9541179912602585
16012 71 0.9309695200270927
71129 71 0.8971341355905333
31526 35 0.9272927944753021
71054 71 0.9392925498142113
71080 71 0.9681265236397953
70466 71 0.8701349274996745
1990350 -1 0.0
70619 71 0.8996411028163056
70521 71 0.9001425762542917
98593 75 1.0
5894 15 0.9413910056158448
70718 71 0.9632446743789561
35000 -1 0.0
38039 -1 0.0
35003 71 0.9086808155908366
70558 71 0.9187379597648585
42644 -1 0.0
2095 71 0.9134892185873055
5600 -1 0.0
2102 75 1.0
70464 71 0.9491754198990129
71130 71 0.8873879616563083
70621 71 0.9088077368091775
70764 71 0.8972326808745137
34995 71 0.9208903721711528
1902556 -1 0.0
34997 71 0.904177995333901
70437 71 0.9801192011009049
71119 71 0.8824545711655705
35354 15 0.8979965751982713
43625 -1 0.0
71099 71 0.8815691627072413
5893 15 0.9671535673394099
98830 -1 0.0
70618 71 0.9241952991412645
35866 71 0.9572609004036219
71135 71 0.8899821987594109
1902711 -1 0.0
33185 -1 0.0
71087 71 0.9424394873794569
38142 15 0.8672210867807334
1990529 -1 0.0
71127 71 0.958064790491271
71056 71 0.891478936001905
43384 15 0.9479941437247092
71061 71 0.9282563011535893
1990327 -1 0.0
1990322 -1 0.0
70334 71 0.9523085365055338
5896 15 0.935035211946667
70770 71 0.8653102005725624
71096 71 0.9930348722649099
1990520 -1 0.0
71083 71 0.9715855364010998
71137 71 0.9154591034609865
70319 -1 0.0
34673 71 0.899055245559882
32002 15 1.0
35355 15 0.9547043485332329
38140 15 0.9518415416641994
16342 71 0.9280511016019031
71060 71 0.9577608556728325
71097 71 0.8509222291278886
1990343 23 0.9333427077050263
33583 35 0.9503930162148849
97538 71 0.906757019981207
5922 71 0.9016113089487736
71082 71 0.9131330674545189
32117 -1 0.0
31913 71 0.9391490364407075
71055 71 0.8675338870390596
70110 15 0.941337471784772
5895 15 0.9492752904293488
71116 71 0.9121344038384726
71068 71 0.8831810097746482
70029 71 0.910422639618306
61852 -1 0.0
1904930 -1 0.0
30526 15 1.0
16014 71 0.9724937919362341
71057 71 0.9658626315676412
71126 71 0.9166940375111781
70381 -1 0.0
70333 71 0.912452435513437
70435 71 0.9493696275491682
70719 71 0.9233679928280083
44731 71 0.9137548874052029
5730 75 0.9067329537286306
1990235 -1 0.0
30891 -1 0.0
70436 71 0.8939539806293911
38139 15 0.9151734915110834
98681 75 0.9879169639670707
98536 75 0.9462190335086927
71053 71 0.8861126243678867
98682 75 0.9225835289754724
71094 71 0.8983890060107832
43614 63 0.9961834039826221
16516 15 0.8990532929482229
70763 71 0.9131482423629848
71092 71 0.9076129480664319
5969 73 0.9530724278624363
9355 -1 0.0
71122 71 0.9123281329107835
39716 -1 0.0
30876 15 0.9698561078663211
71089 71 0.8863966909822057
140453 75 0.998832642679634
5898 15 0.8714159322350604
1990304 -1 0.0
70518 71 0.925950225917944
71091 71 0.8742575801074147
71062 71 0.891488483348731
1990973 75 0.9460052019324864
71102 71 0.8426983666139072
5900 15 0.9928245324148088
39719 -1 0.0
71117 71 0.894964072335441
16533 -1 0.0
5946 73 0.9888695609481662
1990317 -1 0.0
32586 -1 0.0
70418 -1 0.0
71133 71 0.945326484993545
1990934 75 0.9735729543005818
1990732 75 0.9660044622743867
120097 -1 0.0
1990270 71 0.9430282392347556
31527 35 0.9261467865295621
71204 63 1.0
39717 -1 0.0
8385 -1 0.0
140266 -1 0.0
5844 63 0.9750691235926456
71136 71 0.9769720060018404
71134 71 0.9198504507946637
1990316 -1 0.0
46858 75 0.9929593103183189
72536 15 0.9045456911321043
31260 35 0.9349108242672888
9333 73 0.9692333635022222
32019 75 0.9545517808498671
1990303 -1 0.0
71120 71 0.9099366056420064
17122 73 0.956901008511493
70250 35 0.9339274990147236
44383 -1 0.0
62238 63 0.9727926626092135
71254 63 0.9926554159405765
34662 71 0.9322519302820409
71113 71 0.9636160667532161
71121 71 0.9344077518732127
70724 15 0.985023242445512
97740 -1 0.0
44207 63 0.9890864605550566
71064 71 0.9078993900457729
5953 -1 0.0
70916 73 0.9743982994056757
5836 73 0.9622624558901696
5965 -1 0.0
34998 -1 0.0
5814 75 0.950408277652106
1990124 63 0.9722760616549581
45170 75 0.9889118645686814
97727 75 0.9299987493758537
5968 -1 0.0
70519 71 0.9172991070068702
62051 -1 0.0
16027 71 0.9235921052182414
36266 -1 0.0
97741 -1 0.0
9349 -1 0.0
35985 -1 0.0
9348 73 0.9779080678621122
20020 -1 0.0
1990319 -1 0.0
70761 63 1.0
44312 75 0.9257976723716094
44673 -1 0.0
34999 -1 0.0
5964 -1 0.0
5948 -1 0.0
48269 74 1.0
35370 -1 0.0
36195 35 0.945733024652007
44317 32 0.9867932543952502
97443 -1 0.0
34423 -1 0.0
31428 -1 0.0
99401 -1 0.0
1990305 -1 0.0
34274 73 0.9820729632170153
42151 75 0.9460052019324864
39718 -1 0.0
70520 71 0.9194395860956673
110115 -1 0.0
97462 32 1.0
120157 -1 0.0
1904423 74 1.0
70515 71 0.867794022461471
837 -1 0.0
70686 35 0.931612690623774
97463 32 0.9922802029473501
30680 -1 0.0
97447 32 0.9763383156989247
31934 23 0.9294451686834438
32144 73 0.956974507314225
1990306 73 1.0
1990722 -1 0.0
9347 -1 0.0
1990769 32 0.9618779085804886
32585 -1 0.0
31372 -1 0.0
9365 -1 0.0
5725 23 0.9468690362837664
1401 -1 0.0
9342 -1 0.0
1990321 -1 0.0
1990342 23 0.9569020369212944
44674 73 0.9804060052826548
9382 -1 0.0
5597 -1 0.0
5742 -1 0.0
2186 -1 0.0
31391 -1 0.0
70578 -1 0.0
70852 32 1.0
1905379 -1 0.0
35328 -1 0.0
1990360 -1 0.0
10169 77 1.0
9320 76 1.0
30981 -1 0.0
71513 76 0.9676754144994109
5594 -1 0.0
1904974 -1 0.0
9341 -1 0.0
97693 -1 0.0
1990230 73 0.9642280703134989
10007 -1 0.0
328 -1 0.0
10240 -1 0.0
33620 63 0.9680550717698826
1902793 -1 0.0
97342 -1 0.0
1904176 -1 0.0
1990302 73 1.0
98009 -1 0.0
5966 76 0.9790618283648622
1990906 32 0.993800585892348
110103 -1 0.0
45250 -1 0.0
9345 -1 0.0
9328 76 0.9674682611552924
44681 -1 0.0
32865 -1 0.0
32477 -1 0.0
5951 -1 0.0
52718 -1 0.0
1990320 -1 0.0
44569 -1 0.0
31436 -1 0.0
99125 -1 0.0
5945 -1 0.0
36087 -1 0.0
9316 76 0.975536958053215
45247 -1 0.0
1903600 -1 0.0
90661 -1 0.0
106232 -1 0.0
5590 -1 0.0
9350 -1 0.0
140261 -1 0.0
35327 -1 0.0
9358 -1 0.0
9332 76 1.0
32588 -1 0.0
35550 -1 0.0
62091 -1 0.0
5642 -1 0.0
789 -1 0.0
1990413 -1 0.0
2189 -1 0.0
8247 -1 0.0
9318 -1 0.0
5950 -1 0.0
61694 -1 0.0
32009 -1 0.0
110143 -1 0.0
150048 -1 0.0
150053 -1 0.0
106055 -1 0.0
214 -1 0.0
43540 -1 0.0
1902508 -1 0.0
1990358 -1 0.0
43246 -1 0.0
31510 -1 0.0
1990457 -1 0.0
17109 -1 0.0
70622 -1 0.0
44194 -1 0.0
71797 -1 0.0
15 -1 0.0
9338 77 1.0
120123 -1 0.0
34615 -1 0.0
98686 -1 0.0
44753 -1 0.0
2079 -1 0.0
97598 -1 0.0
1990452 -1 0.0
46816 -1 0.0
1990352 -1 0.0
70056 -1 0.0
33768 -1 0.0
97721 66 1.0
42629 -1 0.0
33107 -1 0.0
1990324 10 0.9682593784896166
2081 -1 0.0
97597 -1 0.0
43263 -1 0.0
97505 -1 0.0
33095 66 0.9978544656680837
44840 -1 0.0
97547 -1 0.0
45009 66 1.0
55039 -1 0.0
97444 -1 0.0
43702 -1 0.0
1990353 -1 0.0
36053 -1 0.0
33117 -1 0.0
97487 -1 0.0
44570 69 0.9603126215666943
1990006 -1 0.0
99073 67 1.0
1990326 -1 0.0
9334 70 0.9452349629232124
30700 70 0.9753747120472298
20026 -1 0.0
44678 70 0.9588237053135564
9322 70 0.9665391699587569
1990629 69 0.9262777784722396
1990257 66 0.9654711266353762
44310 -1 0.0
9782 69 0.9681333277079316
5589 10 0.9632175229989793
30938 -1 0.0
1902560 70 0.9655168220596912
98685 33 0.9965190066365929
62079 69 0.9918161413017094
1990205 70 0.9527481920011186
5971 70 0.9505663792572628
1990490 -1 0.0
120002 -1 0.0
9339 70 0.9470577807163031
62151 70 0.9875045783563771
17090 69 0.929372420318489
72546 69 0.9399600151695889
150001 -1 0.0
43913 69 0.9737696542535772
33675 67 1.0
1990202 70 0.9515677835006167
10278 69 0.9470085379386417
71986 69 0.8624179850704794
1904852 70 0.9767428146817435
42825 69 0.9103677531646086
61779 69 0.9762981473085732
9321 70 0.9797344397398912
33565 -1 0.0
1902515 70 0.9977977674507738
71683 -1 0.0
9390 70 0.9515376759812649
30386 70 0.9649554842338874
1990148 70 0.9196106151773759
2197 70 0.9325962633341316
1902693 70 0.9700391454773457
34098 69 0.9531198550402993
9331 70 0.96224274796338
9375 70 0.9505663792572628
62077 70 0.9439064053464495
1902792 70 0.960124084321054
15050 70 1.0
97442 -1 0.0
5785 69 0.9632415193838405
1990201 70 0.9615663458083084
106234 69 0.8736624663605234
30906 69 0.932923500858103
10006 69 0.9087504341069917
44307 -1 0.0
34448 69 0.93583983464553
61742 69 0.9408586353364022
9539 69 0.9306996851251536
5960 70 0.9010097260044423
99154 33 0.9915215953812111
99192 33 0.9693435893926222
30905 69 1.0
20036 42 1.0
98691 33 0.9705211367120151
1990231 69 0.9240385984250141
62140 -1 0.0
42824 69 0.9793982423954012
20030 42 0.9762570289991268
120125 -1 0.0
5582 -1 0.0
1990862 69 0.9417510730778931
31205 69 0.9121711808623151
62157 -1 0.0
43541 69 0.9852796545909741
32921 70 0.9189709536463315
71756 -1 0.0
9538 69 0.9715413166569087
32172 -1 0.0
36502 69 0.9473910489199966
9655 -1 0.0
32937 69 0.9103677531646086
34424 69 1.0
98690 33 0.9653804035416808
9326 70 0.8468106604914396
98692 33 0.9754392563432105
30904 69 0.8803114452198596
44679 70 1.0
36513 69 0.984167832517856
44168 -1 0.0
44177 42 0.9598421886631125
44170 -1 0.0
71757 -1 0.0
98979 33 0.9672679521039642
98944 -1 0.0
32969 69 0.9174168395250314
32936 69 0.9208775935493179
140240 33 0.9972396724666159
9544 -1 0.0
1990063 69 0.9406226011808023
35369 69 0.9263875815265162
1990604 69 0.8991795756669507
61672 -1 0.0
44166 42 0.9699748339736812
42175 -1 0.0
62244 42 0.9646348850833956
110067 -1 0.0
44186 42 0.9698813264600717
1990662 71 0.2141740412226495
31897 69 0.9557187899770121
9656 -1 0.0
72493 42 0.9841127619270729
44220 42 0.9653579961365529
9783 69 0.9490278221345663
62155 71 0.2144008170233057
98584 -1 0.0
44190 42 0.9822210703239526
44164 42 0.9551430701611685
44159 42 0.9979667629933133
30085 -1 0.0
31207 69 0.9112105109425069
72492 42 1.0
329 -1 0.0
1903103 -1 0.0
32168 -1 0.0
43663 -1 0.0
48475 -1 0.0
34985 21 1.0
61993 -1 0.0
71439 69 0.9571229577971085
32170 -1 0.0
1990281 71 0.21627170071863316
36362 -1 0.0
5628 -1 0.0
32175 -1 0.0
98826 -1 0.0
98804 -1 0.0
98688 -1 0.0
140221 -1 0.0
42622 -1 0.0
1990578 -1 0.0
71748 -1 0.0
20018 -1 0.0
9512 -1 0.0
9361 -1 0.0
17087 21 1.0
43594 -1 0.0
42807 -1 0.0
60053 -1 0.0
71741 -1 0.0
31088 -1 0.0
45248 -1 0.0
42589 -1 0.0
101004 -1 0.0
42025 -1 0.0
327 -1 0.0
101003 -1 0.0
71760 -1 0.0
31092 -1 0.0
71758 -1 0.0
70821 -1 0.0
2080 -1 0.0
71761 -1 0.0
71762 -1 0.0
71759 -1 0.0
42584 -1 0.0
35579 -1 0.0
33011 -1 0.0
15630 -1 0.0
140275 51 0.8993090553168197
1405 51 0.8928351084756839
35632 -1 0.0
42720 -1 0.0
61617 52 1.0
5744 51 0.9015435847482861
42721 51 0.9193477601897847
1990524 51 0.8934003208663569
98954 -1 0.0
31942 51 0.9224212711399628
1990677 51 0.8948775869975941
71556 -1 0.0
31164 -1 0.0
17071 -1 0.0
30672 -1 0.0
55038 -1 0.0
71458 -1 0.0
61200 -1 0.0
70113 -1 0.0
14702 -1 0.0
14701 -1 0.0
36186 -1 0.0
71023 -1 0.0
1905103 -1 0.0
44530 -1 0.0
243 -1 0.0
31243 -1 0.0
110146 -1 0.0
44841 -1 0.0
61455 -1 0.0
33016 -1 0.0
120101 -1 0.0
120001 -1 0.0
31095 57 0.9781043655708125
33163 57 1.0
1903349 57 0.9600024402587803
33106 57 0.9652831495816465
33116 57 0.9824957789604403
90740 6 1.0
34426 -1 0.0
1990873 -1 0.0
34045 -1 0.0
106175 -1 0.0
33110 -1 0.0
61202 -1 0.0
