EntrezGeneID
10142
10146
10157
10193
10199
10204
10238
10270
10280
10283
10295
10426
10463
10516
10525
10531
10569
10577
1063
10632
10844
10890
10897
10956
10960
11001
11064
11101
11113
11116
11190
113174
11340
1173
124245
126789
1291
131118
1312
143888
145282
1459
1460
148867
151188
152789
159195
161
162427
166
1662
169714
1727
1786
1861
196527
2011
201134
202018
2040
2108
2150
2181
219743
2200
2201
22931
22937
22981
23065
23071
23077
23085
23107
23111
23155
23177
23185
23195
23203
23225
23307
23325
23333
23339
23367
23404
23408
23476
23509
23636
23646
23649
23765
23787
24149
25777
25831
25873
25921
25940
25980
25983
26058
26092
26355
26515
26519
26520
26521
26574
2671
2677
26986
26993
27069
2717
27243
27248
27346
27430
2782
2787
2801
2802
2804
284106
286827
2876
28969
28976
29066
29110
2963
29880
3066
30968
3162
3281
34
3416
3615
3688
382
387
4015
4139
4140
4218
4240
4343
4363
440138
4715
4758
481
4884
4927
4928
5046
50999
51010
51091
51097
51103
51116
51125
5116
51199
51248
51295
51361
51439
51552
51574
51611
51661
523
5318
5327
53371
5352
537
53938
5422
5447
54477
54480
54602
54850
55027
55116
55131
55206
55285
5538
5557
5558
55621
5566
55676
55700
55711
55735
55755
55757
5576
55768
5577
55823
55829
55833
56257
56605
56850
56915
57106
5714
57142
57153
57222
57534
58155
5817
5861
5862
5878
5898
5910
5962
5976
6046
60493
60681
617
6388
64093
64374
64432
64689
64757
64784
64969
6728
6729
6731
6902
6921
6923
6938
7088
7090
7458
7466
7468
7812
7841
7879
7905
79053
79070
79077
79078
79080
79178
79443
79571
79572
79586
79666
79671
79699
79709
79731
79745
79753
79877
7993
79934
79954
79956
80020
80142
8021
80213
80222
80267
80273
80777
83729
8453
84720
84726
8480
84858
8540
8546
8614
8733
8737
8754
8761
8836
8975
89874
90161
90580
9136
91754
9188
91942
92105
92840
9368
94005
9470
949
9510
9512
9518
9529
9648
9653
9659
9662
9755
9818
9857
9868
9898
9908
9978
